press,title,naver_news_text,naver_news_url,body,press_html,title_html,body_html,label
연합뉴스,"EU 수장, 中희토류수출 통제에 ""모든 수단 동원 준비""",네이버뉴스,https://n.news.naver.com/mnews/article/001/0015700612?sid=104,,연합뉴스,"EU 수장, 中희토류 수출 통제에 ""모든 수단 동원 준비""","""단기적으론 中과 해결책 모색에 주력""
우르줄라 폰데어라이엔 EU 집행위원장
[로이터 연합뉴스 자료사진. 재판매 및 DB 금지]
(파리=연합뉴스) 송진원 특파원 = 우르줄라 폰데어라이엔 유럽연합(EU) 집행위원장은 25일(현지시간) 중국의 희토류 수출통제 강화에 대응하기 위해 모든 방안을 검토중이라고 밝혔다.
폰데어라이엔 집행위원장은 이날 독일 베를린 '글로벌 대화' 회의에서 ""중국의 희토류와 배터리 소재에 대한 수출 통제 강화는 상당한 위험을 초래한다""며 이같이 말했다고 블룸버그 통신이 전했다.
중국은 이달 9일 희토류·배터리 관련 수출통제 강화 조치를 발표하면서 내달 8일부터 고급 리튬이온배터리 완제품과 양극재, 흑연 음극재, 배터리 제조 기계 등도 수출통제 대상에 올리기로 했다.
폰데어라이엔 위원장은 ""단기적으로는 중국 측과 해결책을 모색하는 데 주력하고 있다""며 ""하지만 필요한 경우 모든 수단을 동원할 준비가 돼 있다. 또한 주요 7개국(G7) 파트너들과 협력해 공동 대응에 나설 것""이라고 덧붙였다.
EU는 앞서 중국의 이 같은 발표에 긴급 해결책을 모색하자며 중국 측에 협의도 제안했다.
그 일환으로 마로시 셰프초비치 EU 무역·경제안보 담당 집행위원이 지난 21일 왕원타오 중국 상무부장과 2시간가량 화상통화를 하기도 했다.
셰프초비치 집행위원은 당시 통화에서 해결책 모색을 위해 중국 당국자들을 벨기에로 초청했으며 왕 부장이 이를 수락했다고 전했다.
폰데어라이엔 집행위원장의 이날 한층 강경한 발언은 에마뉘엘 마크롱 프랑스 대통령이 EU에 강력한 무역 대응을 촉구한 지 며칠 만이다.
마크롱 대통령은 23일 EU 정상회의에서 EU가 중국의 핵심 원자재 수출 통제에 대한 해결책을 찾지 못할 경우 가장 강력한 수단인 통상위협대응조치(ACI) 발동을 고려해야 한다고 주장했다.
'무역 바주카포'로 불리는 ACI는 제3국이 EU나 그 회원국에 통상 위협을 가한다고 판단되면 서비스, 외국인 직접투자, 금융 시장, 공공 조달, 지식재산권 등의 무역과 관련해 제한을 가할 수 있게 한다. 아직 한 번도 사용된 적은 없다.
san@yna.co.kr",수출통제
연합뉴스,"EU, 中 희토류수출 통제강화에 ""모든 수단 동원 대응""",네이버뉴스,https://n.news.naver.com/mnews/article/001/0015700612?sid=104,,연합뉴스,"EU 수장, 中희토류 수출 통제에 ""모든 수단 동원 준비""","""단기적으론 中과 해결책 모색에 주력""
우르줄라 폰데어라이엔 EU 집행위원장
[로이터 연합뉴스 자료사진. 재판매 및 DB 금지]
(파리=연합뉴스) 송진원 특파원 = 우르줄라 폰데어라이엔 유럽연합(EU) 집행위원장은 25일(현지시간) 중국의 희토류 수출통제 강화에 대응하기 위해 모든 방안을 검토중이라고 밝혔다.
폰데어라이엔 집행위원장은 이날 독일 베를린 '글로벌 대화' 회의에서 ""중국의 희토류와 배터리 소재에 대한 수출 통제 강화는 상당한 위험을 초래한다""며 이같이 말했다고 블룸버그 통신이 전했다.
중국은 이달 9일 희토류·배터리 관련 수출통제 강화 조치를 발표하면서 내달 8일부터 고급 리튬이온배터리 완제품과 양극재, 흑연 음극재, 배터리 제조 기계 등도 수출통제 대상에 올리기로 했다.
폰데어라이엔 위원장은 ""단기적으로는 중국 측과 해결책을 모색하는 데 주력하고 있다""며 ""하지만 필요한 경우 모든 수단을 동원할 준비가 돼 있다. 또한 주요 7개국(G7) 파트너들과 협력해 공동 대응에 나설 것""이라고 덧붙였다.
EU는 앞서 중국의 이 같은 발표에 긴급 해결책을 모색하자며 중국 측에 협의도 제안했다.
그 일환으로 마로시 셰프초비치 EU 무역·경제안보 담당 집행위원이 지난 21일 왕원타오 중국 상무부장과 2시간가량 화상통화를 하기도 했다.
셰프초비치 집행위원은 당시 통화에서 해결책 모색을 위해 중국 당국자들을 벨기에로 초청했으며 왕 부장이 이를 수락했다고 전했다.
폰데어라이엔 집행위원장의 이날 한층 강경한 발언은 에마뉘엘 마크롱 프랑스 대통령이 EU에 강력한 무역 대응을 촉구한 지 며칠 만이다.
마크롱 대통령은 23일 EU 정상회의에서 EU가 중국의 핵심 원자재 수출 통제에 대한 해결책을 찾지 못할 경우 가장 강력한 수단인 통상위협대응조치(ACI) 발동을 고려해야 한다고 주장했다.
'무역 바주카포'로 불리는 ACI는 제3국이 EU나 그 회원국에 통상 위협을 가한다고 판단되면 서비스, 외국인 직접투자, 금융 시장, 공공 조달, 지식재산권 등의 무역과 관련해 제한을 가할 수 있게 한다. 아직 한 번도 사용된 적은 없다.
san@yna.co.kr",수출통제
뉴시스,"EU 수장, 中희토류수출 통제에 ""모든 수단 동원 준비""",네이버뉴스,https://n.news.naver.com/mnews/article/003/0013557621?sid=104,,뉴시스,"EU, 中 희토류 수출 통제 강화에 ""모든 수단 동원 대응""","'무역 바주카포' 반강압 수단 발동 가능성?
[브뤼셀=AP/뉴시스]우르줄라 폰데어라이엔 유럽연합(EU) 집행위원장이 지난 23일 브리쉘에서 EU 정상회의 이후 기자회견하고 있다. 2025.10.25.
[서울=뉴시스] 김난영 기자 = 유럽연합(EU)이 이달 발표된 중국의 희토류 수출 통제 강화 조치에 모든 수단을 동원해 대응하겠다는 방침을 밝혔다.
유락티브 등에 따르면 우르줄라 폰데어라이엔 EU 집행위원장은 25일(현지 시간) 베를린 글로벌 다이얼로그 콘퍼런스에서 ""중국이 희토류와 배터리 소재에 관해 수출 통제를 극적으로 강화했다""라며 이런 뜻을 피력했다.
그는 ""단기적으로 우리는 중국 카운터파트와 해결책을 모색하는 데 집중하고 있다""라면서도 ""필요할 경우 우리가 사용할 수 있는 모든 수단을 활용할 준비가 됐다""라고 했다. 주요 7개국(G7)과의 공동 대응도 예고했다.
앞서 중국 상무부는 지난 9일 자국 수출통제법과 이중 용도 품목 수출 통제 조례 등 규정에 따라 한층 강화된 희토류 관련 수출 통제 조치를 발표했다. 중국은 희토류 분야에서 EU 및 세계에 강력한 지배력을 행사하고 있다.
유락티브는 이날 발언과 관련, EU가 행사 가능한 가장 강력한 무기로 '반강압 수단(ACI·Anti-Coercion Instrument)을 거론했다. 무역 바주카포라고도 불리는 조치로, 상대국에 대한 투자 제한과 조달 시장 접근 금지 등이 포함된다.
EU에서는 에마뉘엘 마크롱 프랑스 대통령이 최근 중국 상대 ACI 발동을 각국 정상들에게 거론한 것으로 알려졌다. 다만 아직 실무 선에서는 희토류 문제 해결을 위해 중국과의 협상이 우선시되는 분위기다.
이와 관련, 마로시 셰프초피치 무역·경제 담당 집행위원은 지난 21일 왕원타오 중국 상무부장과 화상 통화를 하고 ""긴장 확대에는 관심이 없다""라고 밝힌 바 있다. 양측은 내주 브뤼셀에서 만나기로 합의한 상황이다．",수출통제
TV조선,"유럽연합 수장, 중국 희토류수출 통제에 ""모든 수단 동원 준비""",네이버뉴스,https://n.news.naver.com/mnews/article/448/0000566050?sid=104,,TV조선,"EU 수장, 中희토류 수출 통제에 ""모든 수단 동원 준비""","우르줄라 폰데어라이엔 유럽연합(EU) 집행위원장은 중국의 희토류 수출통제 강화에 대응하기 위해 모든 방안을 검토중이라고 말했다.
폰데어라이엔 집행위원장은 독일 베를린 '글로벌 대화' 회의에서 ""중국의 희토류와 배터리 소재에 대한 수출 통제 강화는 상당한 위험을 초래한다""며 이같이 말했다.
중국은 이달 9일 희토류·배터리 관련 수출통제 강화 조치를 발표하면서 내달 8일부터 고급 리튬이온배터리 완제품과 양극재, 흑연 음극재, 배터리 제조 기계 등도 수출통제 대상에 올리기로 했다.
폰데어라이엔 위원장은 ""단기적으로는 중국 측과 해결책을 모색하는 데 주력하고 있다""며 ""하지만 필요한 경우 모든 수단을 동원할 준비가 돼 있다. 또한 주요 7개국(G7) 파트너들과 협력해 공동 대응에 나설 것""이라고 덧붙였다.
EU는 앞서 중국의 이 같은 발표에 긴급 해결책을 모색하자며 중국 측에 협의도 제안했다.
그 일환으로 마로시 셰프초비치 EU 무역·경제안보 담당 집행위원이 지난 21일 왕원타오 중국 상무부장과 2시간가량 화상통화를 하기도 했다.
셰프초비치 집행위원은 당시 통화에서 해결책 모색을 위해 중국 당국자들을 벨기에로 초청했으며 왕 부장이 이를 수락했다고 전했다.
폰데어라이엔 집행위원장의 이번 한층 강경한 발언은 에마뉘엘 마크롱 프랑스 대통령이 EU에 강력한 무역 대응을 촉구한 지 며칠 만이다.
마크롱 대통령은 23일 EU 정상회의에서 EU가 중국의 핵심 원자재 수출 통제에 대한 해결책을 찾지 못할 경우 가장 강력한 수단인 통상위협대응조치(ACI) 발동을 고려해야 한다고 주장했다.
'무역 바주카포'로 불리는 ACI는 제3국이 EU나 그 회원국에 통상 위협을 가한다고 판단되면 서비스, 외국인 직접투자, 금융 시장, 공공 조달, 지식재산권 등의 무역과 관련해 제한을 가할 수 있게 한다. 아직 한 번도 사용된 적은 없다.",수출통제
SBS,EU 집행위원장 “中 희토류수출 통제에 모든 방안 검토 중”,네이버뉴스,https://n.news.naver.com/mnews/article/055/0001302771?sid=104,,SBS,"유럽연합 수장, 중국 희토류 수출 통제에 ""모든 수단 동원 준비""","▲ 우르줄라 폰데어라이엔 EU 집행위원장
우르줄라 폰데어라이엔 유럽연합(EU) 집행위원장은 현지시간 25일, 중국의 희토류 수출통제 강화에 대응하기 위해 모든 방안을 검토 중이라고 밝혔습니다.
폰데어라이엔 집행위원장은 오늘 독일 베를린 '글로벌 대화' 회의에서 ""중국의 희토류와 배터리 소재에 대한 수출 통제 강화는 상당한 위험을 초래한다""고 블룸버그 통신이 전했습니다.
중국은 이달 9일 희토류·배터리 관련 수출 통제 강화 조치를 발표하면서 내달 8일부터 고급 리튬이온배터리 완제품과 양극재, 흑연 음극재, 배터리 제조 기계 등도 수출통제 대상에 올리기로 했습니다.
폰데어라이엔 위원장은 ""단기적으로는 중국 측과 해결책을 모색하는 데 주력하고 있다""며 ""하지만 필요한 경우 모든 수단을 동원할 준비가 돼 있다. 또한 주요 7개국(G7) 파트너들과 협력해 공동 대응에 나설 것""이라고 덧붙였습니다.
EU는 앞서 중국의 이 같은 발표에 긴급 해결책을 모색하자며 중국 측에 협의도 제안했습니다.
마로시 셰프초비치 EU 무역·경제안보 담당 집행위원이 지난 21일 왕원타오 중국 상무부장과 2시간가량 화상 통화를 하기도 했습니다.
셰프초비치 집행위원은 당시 통화에서 해결책 모색을 위해 중국 당국자들을 벨기에로 초청했으며 왕 부장이 이를 수락했다고 전했습니다.
폰데어라이엔 집행위원장의 이날 한층 강경한 발언은 에마뉘엘 마크롱 프랑스 대통령이 EU에 강력한 무역 대응을 촉구한 지 며칠 만입니다.
마크롱 대통령은 23일 EU 정상회의에서 EU가 중국의 핵심 원자재 수출 통제에 대한 해결책을 찾지 못할 경우 가장 강력한 수단인 통상위협대응조치(ACI) 발동을 고려해야 한다고 주장했습니다.
'무역 바주카포'로 불리는 ACI는 제3국이 EU나 그 회원국에 통상 위협을 가한다고 판단되면 서비스, 외국인 직접투자, 금융 시장, 공공 조달, 지식재산권 등의 무역과 관련해 제한을 가할 수 있게 합니다.
(사진=AP, 연합뉴스)",수출통제
뉴스핌,[GAM]中수출통제는 '양날의 검'① A주 핫키워드 '인조다이아',,,,,,,수출통제
뉴스핌,[GAM]中수출통제는 '양날의 검'② A주 핫키워드 '인조다이아',,,,,,,수출통제
뉴스핌,[GAM]中수출통제는 '양날의 검'③ A주 핫키워드 '인조다이아',,,,,,,수출통제
연합뉴스TV,"중국 희토류 독점 기업 ""수출 통제엄격 이행""",네이버뉴스,https://n.news.naver.com/mnews/article/422/0000794634?sid=104,,연합뉴스TV,"중국 희토류 독점 기업 ""수출 통제 엄격 이행""","중국 최대 규모 국영 희토류 기업인 중국희토그룹이 자국의 수출 통제 정책을 올해 4분기에 엄격히 이행하겠다고 강조했습니다.
중국희토그룹은 지난 23일 3분기 성과 검토와 4분기 과제를 다루는 회의를 열고 이 같은 방침을 공개했습니다.
중국희토그룹은 중국 내에서 첨단 전자와 방산, 전기차용 고성능 소재로 쓰이는 '중희토류' 관련 시장을 독점하고 있는 기업입니다.
#중국 #희토류 #미국 #정상회담 #중국희토그룹 #수출통제
연합뉴스TV 기사문의 및 제보 : 카톡/라인 jebo23",수출통제
글로벌이코노믹,"[실리콘 디코드] 넥스페리아 '칩'수출봉쇄, 美 자동차 산업 2~4주내 '올...",,,,,,,수출통제
더구루,"美, 국방용 드론수출규제 대폭 완화",,,,,,,수출통제
MBN,트럼프-시진핑 회담 장소는 경주 아닌 부산?,네이버뉴스,https://n.news.naver.com/mnews/article/057/0001915070?sid=104,,MBN,트럼프-시진핑 회담 장소는 경주 아닌 부산?,"김해공항 공군기지 접견장 '나래마루' 유력 검토
시진핑 중국 국가주석(왼쪽)과 도널드 트럼프 미국 대통령 / 사진=연합뉴스
미·중 정상이 경주에서 열리는 아시아태평양경제협력체(APEC) 정상회의 기간 부산에서 만날 예정인 가운데, 회담 장소에 관심이 집중되고 있습니다.
오늘(25일) 미국 정부 고위 당국자는 트럼프 대통령이 오는 30일 시진핑 중국 국가주석과의 양자 회담을 부산에서 ""주최""(host)한다고 전했습니다.
양국 정상의 회담 장소로는 김해공항 공군기지 내 접견장인 나래마루가 유력하게 검토되고 있는데, 경주와 가깝고 군 공항 특성상 보안에 유리하다는 점에서 설득력을 얻고 있습니다.
2005년 부산에서 열린 APEC 정상회담 전 조성된 나래마루는 김해공항 내 공군 제5공중기동비행단에 있어 경호가 용이합니다.
나래마루 내부엔 회의장으로 이용할 수 있는 접견실 2곳, 부속실도 갖춰져 이전에도 부산을 방문한 해외 정상들이 이용하기도 했습니다.
이에 김해공항으로 전용기를 타고 온 양국 정상이 만나기에 적격인 장소라는 의견이 나옵니다.
또 최근 공군 측은 나래마루를 리모델링한 것으로 파악됐습니다.
다만 공군 측은 ""그 내용(미·중 정상회담)에 대해 전혀 아는 바가 없다""며 ""요청이 온다면 장소 제공을 검토할 수 있다""고 말했습니다.
미·중 정상이 부산에서 만난다면 이번 APEC 회의에서 가장 주목받는 장면이 될 수 있습니다. APEC 회의는 경주에서 열리지만 전 세계의 이목이 부산에 집중될 공산이 큽니다.
한편, 트럼프 2기 행정부 들어 무역 단절 수준으로 치달았다가 '관세 휴전' 중인 두 나라는 최근 중국의 '희토류 수출 통제'와 미국의 '100% 추가 관세 위협' 등으로 맞붙은 데 이어 6년 전 무역 합의 이행 실패의 책임 소재를 두고 공방을 벌이고 있습니다.",수출통제
MBN,세기의 ‘미·중 정상회담’ 부산서 열리는데 회담 장소로 주목받는 ‘...,네이버뉴스,https://n.news.naver.com/mnews/article/057/0001915070?sid=104,,MBN,트럼프-시진핑 회담 장소는 경주 아닌 부산?,"김해공항 공군기지 접견장 '나래마루' 유력 검토
시진핑 중국 국가주석(왼쪽)과 도널드 트럼프 미국 대통령 / 사진=연합뉴스
미·중 정상이 경주에서 열리는 아시아태평양경제협력체(APEC) 정상회의 기간 부산에서 만날 예정인 가운데, 회담 장소에 관심이 집중되고 있습니다.
오늘(25일) 미국 정부 고위 당국자는 트럼프 대통령이 오는 30일 시진핑 중국 국가주석과의 양자 회담을 부산에서 ""주최""(host)한다고 전했습니다.
양국 정상의 회담 장소로는 김해공항 공군기지 내 접견장인 나래마루가 유력하게 검토되고 있는데, 경주와 가깝고 군 공항 특성상 보안에 유리하다는 점에서 설득력을 얻고 있습니다.
2005년 부산에서 열린 APEC 정상회담 전 조성된 나래마루는 김해공항 내 공군 제5공중기동비행단에 있어 경호가 용이합니다.
나래마루 내부엔 회의장으로 이용할 수 있는 접견실 2곳, 부속실도 갖춰져 이전에도 부산을 방문한 해외 정상들이 이용하기도 했습니다.
이에 김해공항으로 전용기를 타고 온 양국 정상이 만나기에 적격인 장소라는 의견이 나옵니다.
또 최근 공군 측은 나래마루를 리모델링한 것으로 파악됐습니다.
다만 공군 측은 ""그 내용(미·중 정상회담)에 대해 전혀 아는 바가 없다""며 ""요청이 온다면 장소 제공을 검토할 수 있다""고 말했습니다.
미·중 정상이 부산에서 만난다면 이번 APEC 회의에서 가장 주목받는 장면이 될 수 있습니다. APEC 회의는 경주에서 열리지만 전 세계의 이목이 부산에 집중될 공산이 큽니다.
한편, 트럼프 2기 행정부 들어 무역 단절 수준으로 치달았다가 '관세 휴전' 중인 두 나라는 최근 중국의 '희토류 수출 통제'와 미국의 '100% 추가 관세 위협' 등으로 맞붙은 데 이어 6년 전 무역 합의 이행 실패의 책임 소재를 두고 공방을 벌이고 있습니다.",수출통제
매일경제,미·중 정상회담 장소로 부산 김해공항 ‘나래마루’ 유력,네이버뉴스,https://n.news.naver.com/mnews/article/009/0005578889?sid=103,,매일경제,세기의 ‘미·중 정상회담’ 부산서 열리는데 회담 장소로 주목받는 ‘이곳’,"트럼프 미국 대통령과 시진핑 중국 국가주석.
미국과 중국 정상이 경북 경주에서 열리는 아시아태평양경제협력체(APEC) 정상회의 기간 부산에서 만날 예정인데 구체적 회담 장소가 어디가 될지 관심이 쏠린다.
미국 정부 고위 당국자는 트럼프 대통령이 오는 30일 시진핑 중국 국가주석과의 양자 회담을 부산에서 “주최”(host)한다고 25일 밝혔다.
APEC 회의가 경주에서 열리지만 미·중 정상은 경주 아닌 부산에서 만난다.
회담 장소로는 김해공항 공군기지 내 접견장인 나래마루가 유력하게 검토되는 것으로 알려졌다.
나래마루는 공군을 상징하는 날개를 나타내는 나래와 쉼터라는 의미인 마루의 합성어로, 항공기를 이용하는 귀빈들이 쉬어가는 곳이라는 뜻이다.
김해공항 공군기지 내 접견장인 나래마루. 사진은 나래마루 2005년 11월 4일 준공식 모습. 제공=부산시 홈페이지
나래마루는 2005년 APEC 정상회담 당시 조성됐는데 일반인이 드나드는 공항 청사가 아닌 공군 제5공중기동비행단 부대 안에 위치해 있다.
활주로 안에서 바로 진입이 가능해 경호에 용이하다.
나래마루 내부에는 회의장으로 쓸 수 있는 접견실이 2곳이 있고 CIQ(출입국, 세관, 검역)실 1곳, 부속실(경호원 대기실), 화장실, 전기실, 통신실 등을 갖추고 있다.
최근에는 2019년 한-아세안 정상회의 때 주요국 정상 접견실로도 사용됐다.
이 때문에 김해공항으로 전용기를 타고 온 미·중 정상이 만나기에 적격인 장소라는 의견이 나온다.
두 정상이 짧은 방한 일정 내에 만나야 하고 경주와 가까우면서도 군 공항 특성상 보안에 유리하다는 점에서 설득력을 얻고 있다.
공군 측이 최근 나래마루를 리모델링한 것도 이런 주장에 힘을 싣는다.
미·중 정상이 부산에서 만난다면 회담 성사는 물론 그 결과 등에서 이번 APEC 회의에서 가장 주목받는 장면이 될 수 있다.
트럼프 2기 행정부 들어 무역 단절 수준으로 치달았다가 ‘관세 휴전’ 중인 두 나라는 최근 중국의 ‘희토류 수출 통제’와 미국의 ‘100% 추가 관세 위협’ 등으로 맞붙은 데 이어 6년 전 무역 합의 이행 실패의 책임 소재를 두고 공방을 벌이는 중이다. 이번 미·중 정상회담에서 이를 타개할 ‘부산 합의’가 나올지 귀추가 주목된다.",수출통제
헤럴드경제,세기의 '미·중 정상회담' 부산서 열리는데 회담 장소는 어디?,네이버뉴스,https://n.news.naver.com/mnews/article/016/0002547170?sid=102,,헤럴드경제,미·중 정상회담 장소로 부산 김해공항 ‘나래마루’ 유력,"트럼프 미국 대통령과 시진핑 중국 국가주석이 지난 2019년 6월 일본 오사카에서 열린 주요 20개국(G20) 정상회의에 참석해 정상회담을 했다.[AP]
[헤럴드경제=권제인 기자] 미국과 중국 정상이 경북 경주에서 열리는 아시아태평양경제협력체(APEC) 정상회의 기간 부산에서 만날 예정이다. 회담 장소로는 보안·경호 유리한 김해공항 공군기지 접견장 ‘나래마루’가 유력하다.
미국 정부 고위 당국자는 트럼프 대통령이 오는 30일 시진핑 중국 국가주석과의 양자 회담을 부산에서 “주최(host)”한다고 25일 밝혔다.
회담 장소로는 김해공항 공군기지 내 접견장인 나래마루가 유력하게 검토되는 것으로 알려졌다. 두 정상이 짧은 방한 일정 내에 만나야 하고 경주와 가까우면서도 군 공항 특성상 보안에 유리하다는 점에서 설득력을 얻고 있다. 공군 측이 최근 나래마루를 리모델링한 것도 이런 주장에 힘을 싣는다.
20년 전인 2005년 부산에서 열린 APEC 정상회담 전 조성된 나래마루는 김해공항 내 공군 제5공중기동비행단에 있어 경호가 용이하다는 장점을 지닌다. 나래마루 내부엔 회의장으로 이용할 수 있는 접견실 2곳, 부속실도 갖춰져 이전에도 부산을 방문한 해외 정상들이 이용하기도 했다. 이 때문에 김해공항으로 전용기를 타고 온 미·중 정상이 만나기에 적격인 장소라는 의견이 나온다.
이에 대해 공군 측은 “그 내용(미·중 정상회담)에 대해 전혀 아는 바가 없다”며 “요청이 온다면 장소 제공을 검토할 수 있다”고 말했다.
미·중 정상이 부산에서 만난다면 회담 성사는 물론 그 결과 등에서 이번 APEC 회의에서 가장 주목받는 장면이 될 수 있다. APEC 회의는 경주에서 열리지만 전 세계의 이목이 부산에 집중될 공산이 크다.
트럼프 2기 행정부 들어 무역 단절 수준으로 치달았다가 ‘관세 휴전’ 중인 두 나라는 최근 중국의 ‘희토류 수출 통제’와 미국의 ‘100% 추가 관세 위협’ 등으로 맞붙은 데 이어 6년 전 무역 합의 이행 실패의 책임 소재를 두고 공방을 벌이는 중이다. 이 때문에 이번 미·중 정상회담에서 이를 타개할 ‘부산 합의’가 나올지 귀추가 주목된다.",수출통제
연합뉴스,APEC 경주서 열리는데…미·중 정상회담은 부산서,네이버뉴스,https://n.news.naver.com/mnews/article/001/0015700332?sid=100,,연합뉴스,세기의 '미·중 정상회담' 부산서 열리는데 회담 장소는 어디?,"보안·경호 유리한 김해공항 공군기지 접견장 '나래마루' 유력 검토
트럼프 미국 대통령과 시진핑 중국 국가주석(CG)
[연합뉴스TV 제공]
(부산=연합뉴스) 손형주 김선호 기자 = 미국과 중국 정상이 경북 경주에서 열리는 아시아태평양경제협력체(APEC) 정상회의 기간 부산에서 만날 예정이어서 그 배경에 관심이 쏠린다.
미국 정부 고위 당국자는 트럼프 대통령이 오는 30일 시진핑 중국 국가주석과의 양자 회담을 부산에서 ""주최""(host)한다고 25일 밝혔다.
APEC 회의가 경주에서 열리지만 미·중 정상은 경주 아닌 부산에서 만나 눈길을 끈다.
회담 장소로는 김해공항 공군기지 내 접견장인 나래마루가 유력하게 검토되는 것으로 알려졌다.
두 정상이 짧은 방한 일정 내에 만나야 하고 경주와 가까우면서도 군 공항 특성상 보안에 유리하다는 점에서 설득력을 얻고 있다.
공군 측이 최근 나래마루를 리모델링한 것도 이런 주장에 힘을 싣는다.
20년 전인 2005년 부산에서 열린 APEC 정상회담 전 조성된 나래마루는 김해공항 내 공군 제5공중기동비행단에 있어 경호가 용이하다는 장점을 지닌다.
나래마루 내부엔 회의장으로 이용할 수 있는 접견실 2곳, 부속실도 갖춰져 이전에도 부산을 방문한 해외 정상들이 이용하기도 했다.
이 때문에 김해공항으로 전용기를 타고 온 미·중 정상이 만나기에 적격인 장소라는 의견이 나온다.
이에 대해 공군 측은 ""그 내용(미·중 정상회담)에 대해 전혀 아는 바가 없다""며 ""요청이 온다면 장소 제공을 검토할 수 있다""고 말했다.
미·중 정상이 부산에서 만난다면 회담 성사는 물론 그 결과 등에서 이번 APEC 회의에서 가장 주목받는 장면이 될 수 있다.
APEC 회의는 경주에서 열리지만 전 세계의 이목이 부산에 집중될 공산이 크다.
트럼프 2기 행정부 들어 무역 단절 수준으로 치달았다가 '관세 휴전' 중인 두 나라는 최근 중국의 '희토류 수출 통제'와 미국의 '100% 추가 관세 위협' 등으로 맞붙은 데 이어 6년 전 무역 합의 이행 실패의 책임 소재를 두고 공방을 벌이는 중이다.
이 때문에 이번 미·중 정상회담에서 이를 타개할 '부산 합의'가 나올지 귀추가 주목된다.
wink@yna.co.kr
handbrother@yna.co.kr",수출통제
SBS,"미중, 말레이서 무역협상 시작…'트럼프-시진핑 담판' 전초전",네이버뉴스,https://n.news.naver.com/mnews/article/055/0001302713?sid=104,,SBS,"미중, 말레이서 무역협상 시작…'트럼프-시진핑 담판' 전초전","▲ 스콧 베선트 미국 재무장관과 허리펑 중국 부총리
미국과 중국이 25일(현지시간) 말레이시아 쿠알라룸푸르에서 고위급 무역협상을 시작했다고 중국 관영 신화통신과 중국중앙TV(CCTV)가 보도했습니다.
보도에 따르면 양국 무역 대표단은 쿠알라룸푸르에서 미중 경제·무역협상을 시작했습니다.
중국 측에서는 허리펑 중국 부총리와 리청강 상무부 국제무역담판대표 겸 부부장(차관)이 쿠알라룸푸르의 회담 장소에 도착했다고 로이터통신이 전했습니다.
스콧 베선트 미국 재무부 장관도 미중 대표단이 말레이시아에서 만나 양국 정상의 회담을 준비할 것이라고 밝힌 바 있습니다.
협상 테이블에 앉는 미국 측 대표단은 베선트 장관과 제이미슨 그리어 미국무역대표부(USTR) 대표 등입니다.
이번 무역회담은 경주에서 열리는 아시아태평양경제협력체(APEC) 정상회의 계기에 오는 30일 부산에서 개최될 예정인 미중 정상회담을 앞두고 이뤄졌습니다.
이번 협상에서는 오는 11월 10일 만료 예정인 '관세 휴전'이 주요 의제가 될 전망인 가운데 양국 간 대치 국면이 완화될지 주목됩니다.
트럼프 2기 행정부 들어 초고율 관세를 주고받으며 긴장이 최고조에 올랐던 양국 관계는 무역협상을 통해 '관세 휴전'을 선언하고 숨 고르기에 들어갔습니다.
그러나 양국은 서로에게 부과한 입항 수수료 문제와 중국의 '희토류 수출 통제', 미국의 '100% 추가 관세 위협' 등으로 최근 다시 맞붙었습니다.
또 트럼프 1기 행정부인 2019년 체결한 '1단계 무역 합의' 이행 여부를 두고 대립각을 세우는 등 치열한 기 싸움을 벌이고 있습니다.
다만 양국 대표단이 협상을 앞두고 통화하고 예정대로 무역회담을 진행하면서 긴장이 완화되는 신호로 풀이됐습니다.
(사진=AP, 연합뉴스)",수출통제
SBS,"미·중, 말레이시아에서 무역협상 시작…‘트럼프-시진핑 담판’ 전초전",네이버뉴스,https://n.news.naver.com/mnews/article/055/0001302713?sid=104,,SBS,"미중, 말레이서 무역협상 시작…'트럼프-시진핑 담판' 전초전","▲ 스콧 베선트 미국 재무장관과 허리펑 중국 부총리
미국과 중국이 25일(현지시간) 말레이시아 쿠알라룸푸르에서 고위급 무역협상을 시작했다고 중국 관영 신화통신과 중국중앙TV(CCTV)가 보도했습니다.
보도에 따르면 양국 무역 대표단은 쿠알라룸푸르에서 미중 경제·무역협상을 시작했습니다.
중국 측에서는 허리펑 중국 부총리와 리청강 상무부 국제무역담판대표 겸 부부장(차관)이 쿠알라룸푸르의 회담 장소에 도착했다고 로이터통신이 전했습니다.
스콧 베선트 미국 재무부 장관도 미중 대표단이 말레이시아에서 만나 양국 정상의 회담을 준비할 것이라고 밝힌 바 있습니다.
협상 테이블에 앉는 미국 측 대표단은 베선트 장관과 제이미슨 그리어 미국무역대표부(USTR) 대표 등입니다.
이번 무역회담은 경주에서 열리는 아시아태평양경제협력체(APEC) 정상회의 계기에 오는 30일 부산에서 개최될 예정인 미중 정상회담을 앞두고 이뤄졌습니다.
이번 협상에서는 오는 11월 10일 만료 예정인 '관세 휴전'이 주요 의제가 될 전망인 가운데 양국 간 대치 국면이 완화될지 주목됩니다.
트럼프 2기 행정부 들어 초고율 관세를 주고받으며 긴장이 최고조에 올랐던 양국 관계는 무역협상을 통해 '관세 휴전'을 선언하고 숨 고르기에 들어갔습니다.
그러나 양국은 서로에게 부과한 입항 수수료 문제와 중국의 '희토류 수출 통제', 미국의 '100% 추가 관세 위협' 등으로 최근 다시 맞붙었습니다.
또 트럼프 1기 행정부인 2019년 체결한 '1단계 무역 합의' 이행 여부를 두고 대립각을 세우는 등 치열한 기 싸움을 벌이고 있습니다.
다만 양국 대표단이 협상을 앞두고 통화하고 예정대로 무역회담을 진행하면서 긴장이 완화되는 신호로 풀이됐습니다.
(사진=AP, 연합뉴스)",수출통제
KBS,말레이서 美中 무역협상 시작⋯정상회담 앞두고 사전 조율,네이버뉴스,https://n.news.naver.com/mnews/article/056/0012053739?sid=104,,KBS,"미·중, 말레이시아에서 무역협상 시작…‘트럼프-시진핑 담판’ 전초전","미국과 중국이 25일 말레이시아 쿠알라룸푸르에서 고위급 무역협상을 시작했다고 중국 관영 신화통신과 중국 CCTV가 보도했습니다.
이날 회담을 위해 허리펑 중국 부총리와 리청강 상무부 국제무역담판대표 겸 부부장(차관)이 쿠알라룸푸르의 회담 장소에 도착했다고 로이터통신은 전했습니다.
앞서 중국 상무부는 허 부총리가 대표단을 이끌고 24일부터 27일까지 말레이시아를 방문해 미국 측과 무역 협상을 개최한다고 발표한 바 있습니다.
협상 테이블에 앉는 미국 측 대표단은 베센트 장관과 제이미슨 그리어 미국무역대표부(USTR) 대표 등입니다.
이번 무역회담은 경주에서 열리는 아시아태평양경제협력체(APEC) 정상회의 계기에 30일 부산에서 개최될 예정인 도널드 트럼프 대통령과 시진핑 주석간 미중 정상회담을 앞두고 이뤄졌습니다.
이번 협상에서는 오는 11월 10일 만료 예정인 ‘관세 휴전’이 주요 의제가 될 전망입니다.
트럼프 2기 행정부 들어 초고율 관세를 주고받으며 긴장이 최고조에 올랐던 양국 관계는 양국 대표단이 이끄는 무역협상을 통해 ‘관세 휴전’으로 이어졌습니다.
그러나 양국은 서로에게 부과한 입항 수수료 문제와 중국의 ‘희토류 수출 통제’, 미국의 ‘100% 추가 관세 위협’ 등으로 최근 다시 대치 중입니다.
한편, 말레이시아의 수도인 쿠알라룸푸르에서는 오는 26일 아세안(ASEAN·동남아시아국가연합) 정상회의가 개막하며 한미일을 비롯한 각국 정상도 집결할 예정입니다.
[사진 출처 : EPA=연합뉴스]
■ 제보하기
▷ 전화 : 02-781-1234, 4444
▷ 이메일 : kbs1234@kbs.co.kr
▷ 카카오톡 : 'KBS제보' 검색, 채널 추가
▷ 네이버, 유튜브에서 KBS뉴스를 구독해주세요!",수출통제
아이뉴스24,"美中, 말레이서 무역협상 시작…'트럼프-시진핑 담판' 전초전(종합)",네이버뉴스,https://n.news.naver.com/mnews/article/031/0000974989?sid=104,,아이뉴스24,말레이서 美中 무역협상 시작⋯정상회담 앞두고 사전 조율,"오는 30일 부산 트럼프-시진핑 회담 전초전 성격
미국과 중국이 25일(현지 시간) 말레이시아 쿠알라룸푸르에서 고위급 무역협상을 시작했다.
5월에 만난 베선트 미 재무장관(왼쪽)과 허리펑 중국 부총리. [사진=연합뉴스]
중국 관영 신화통신과 중국중앙TV(CCTV) 보도에 따르면 양국 무역 대표단은 이날 오전 쿠알라룸푸르에서 미중 경제·무역협상을 위해 마주 앉았다. 허리펑 중국 부총리와 리청강 상무부 국제무역담판대표 겸 부부장(차관)이 해당 회담에 참석했다고 로이터통신은 전했다.
앞서 스콧 베선트 미국 재무부 장관은 미중 대표단이 말레이시아에서 만나 양국 정상의 회담을 준비할 것이라고 밝힌 바 있다. 협상 테이블에 앉는 미국 측 대표단은 베선트 장관과 제이미슨 그리어 미국무역대표부(USTR) 대표 등이다.
이번 무역회담은 오는 30일 부산에서 개최 예정인 도널드 트럼프 대통령과 시진핑 주석간 미중 정상회담을 앞두고 진행되는 사전 조율 성격의 협상이다.
이번 협상에서는 내달 10일 만료 예정인 '관세 휴전'이 주요 의제가 될 것으로 보인다. 이에 따라 양국 간 대치 국면이 완화할지 주목된다.
트럼프 2기 행정부 집권 이후 양국은 초고율 관세를 주고받으며 긴장이 최고조에 올랐으나 이번 대표단이 이끄는 무역협상을 통해 '관세 휴전'을 선언하고 숨 고르기에 들어갔다는 분석이 나온다.
다만 양국은 서로에게 부과한 입항 수수료 문제와 중국의 '희토류 수출 통제', 미국의 '100% 추가 관세 위협' 등을 두고 다시 맞붙었다.
또 트럼프 1기 행정부인 2019년 체결한 '1단계 무역 합의' 이행 여부를 두고 대립각을 세우는 등 치열한 기싸움을 벌이고 있다.
이런 가운데 양국 대표단이 협상을 앞둔 상황에서 이날 예정대로 무역회담을 진행하면서 긴장이 완화되는 신호로 풀이됐다.
한편 말레이시아의 수도인 쿠알라룸푸르에서는 오는 26일 아세안(ASEAN·동남아시아국가연합) 정상회의가 개막하며 한미일을 비롯한 각국 정상도 집결할 예정이다.
트럼프 대통령은 24일 밤(아시아 기준 25일 낮) 전용기 에어포스원을 타고 워싱턴 DC를 출발했으며, 4박 5일간 말레이시아, 일본, 한국을 차례로 방문한다. 그는 아시아 순방길에 오르기 전 시 주석과 대만 문제를 논의할 것이라고 밝혔다.",수출통제
연합뉴스,"미중, 무역협상 시작…'트럼프·시진핑 담판' 전초전",네이버뉴스,https://n.news.naver.com/mnews/article/001/0015700380?sid=104,,연합뉴스,"美中, 말레이서 무역협상 시작…'트럼프-시진핑 담판' 전초전(종합)","'세기의 담판' 정상회담 성공 위해 고위급 협상서 막판 조율 할듯
'中의 희토류 수출통제 vs. 美의 100% 관세' 등 대치국면 완화할까
5월에 만난 베선트 미 재무장관과 허리펑 중국 부총리
[EPA 연합뉴스 자료사진 재판매 및 DB금지]
(서울=연합뉴스) 권숙희 기자 = 미국과 중국이 25일 말레이시아 쿠알라룸푸르에서 고위급 무역협상을 시작했다고 중국 관영 신화통신과 중국중앙TV(CCTV)가 보도했다.
보도에 따르면 양국 무역 대표단은 이날 오전 쿠알라룸푸르에서 미중 경제·무역협상을 시작했다.
이날 허리펑 중국 부총리와 리청강 상무부 국제무역담판대표 겸 부부장(차관)이 쿠알라룸푸르의 회담 장소에 도착했다고 로이터통신은 전했다.
앞서 중국 상무부는 허 부총리가 대표단을 이끌고 24∼27일 말레이시아를 방문해 미국 측과 무역 협상을 개최한다고 발표한 바 있다.
스콧 베선트 미국 재무부 장관도 미중 대표단이 말레이시아에서 만나 양국 정상의 회담을 준비할 것이라고 밝혔었다.
협상 테이블에 앉는 미국 측 대표단은 베선트 장관과 제이미슨 그리어 미국무역대표부(USTR) 대표 등이다.
이번 무역회담은 경주에서 열리는 아시아태평양경제협력체(APEC) 정상회의 계기에 30일 부산에서 개최될 예정인 도널드 트럼프 대통령과 시진핑 주석간 미중 정상회담을 앞두고 이뤄졌다.
이번 협상에서는 오는 11월 10일 만료 예정인 '관세 휴전'이 주요 의제가 될 전망인 가운데 양국 간 대치 국면이 완화할지 주목된다.
트럼프 2기 행정부 들어 초고율 관세를 주고받으며 긴장이 최고조에 올랐던 양국 관계는 양국 대표단이 이끄는 무역협상을 통해 '관세 휴전'을 선언하고 숨 고르기에 들어갔다.
그러나 양국은 서로에게 부과한 입항 수수료 문제와 중국의 '희토류 수출 통제', 미국의 '100% 추가 관세 위협' 등으로 최근 다시 맞붙었다.
또 트럼프 1기 행정부인 2019년 체결한 '1단계 무역 합의' 이행 여부를 두고 대립각을 세우는 등 치열한 기싸움을 벌이고 있다.
다만 양국 대표단이 협상을 앞두고 통화하고 이날 예정대로 무역회담을 진행하면서 긴장이 완화되는 신호로 풀이됐다.
한편, 말레이시아의 수도인 쿠알라룸푸르에서는 오는 26일 아세안(ASEAN·동남아시아국가연합) 정상회의가 개막하며 한미일을 비롯한 각국 정상도 집결 예정이다.
트럼프 대통령은 24일 밤(아시아 기준 25일 낮) 전용기 에어포스원을 타고 워싱턴 DC를 출발, 4박 5일간 말레이시아, 일본, 한국을 차례로 방문한다.
그는 아시아 순방길에 오르기에 앞서 시 주석과 대만 문제를 논의할 것이라고 밝혔다.
도널드 트럼프 미국 대통령과 시진핑 중국 국가주석
[로이터 연합뉴스 자료사진. 재판매 및 DB 금지]
suki@yna.co.kr",수출통제
연합뉴스,"美 ""韓이 적절한 조건 수용하면 가능한한 빨리 무역협상 타결""(종합2보)",네이버뉴스,https://n.news.naver.com/mnews/article/001/0015700202?sid=104,,연합뉴스,"美 ""韓이 적절한 조건 수용하면 가능한한 빨리 무역협상 타결""(종합2보)","트럼프 아시아 순방 브리핑…""김정은 만날 일정無…물론 변동있을수도""
현재로선 계획없으나 '번개 회동' 제안 가능성 완전히 닫진않아
부산서 美中 정상회담…""무역에 가장 관심, 中의 러 원유 구매도 의제""
러트닉 만나고 나오는 한국 측 협상단
[연합뉴스 자료사진 재판매 및 DB금지] 한미가 10월 22일(현지시간) 워싱턴DC에서 무역 합의를 최종 도출하기 위한 막바지 협상을 벌였다.
김용범 대통령실 정책실장이 김정관 산업통상부 장관과 함께 미국 워싱턴 DC에 있는 미 상무부 청사에서 하워드 러트닉 상무장관과 만난 뒤 나서고 있다. 2025.10.23 zheng@yna.co.kr
(워싱턴=연합뉴스) 김동현 특파원 = 한미 무역 협상에서 한국이 미국의 요구를 수용함으로써 가능한 한 신속하게 최종 합의를 도출하길 바란다고 미국 트럼프 행정부 고위당국자가 밝혔다.
이 고위 당국자는 24일(현지시간) 도널드 트럼프 대통령 아시아 순방 관련 사전(事前) 대언론 전화 브리핑에서 방한 기간 한국과 무역 합의를 마무리하냐는 질문에 ""우리는 가능한 한 빨리 한국과 합의를 체결하기를 매우 열망한다""고 답했다.
이어 ""한국이 우리가 적절하다고 생각하는 조건들을 수용할 의사가 있는대로 가능한 한 빨리 하고 싶다""고 덧붙였다.
이 발언은 결국 현재 한미간 무역협상에서 한국의 대미 투자금 집행을 중심으로 매듭짓지 못한 부분이 있음을 미측도 인정한 것으로 풀이된다.
현재 한미 양국은 7월 큰 틀에서 무역합의를 했을 때 한국이 하기로 한 3천500억달러 대미 투자 패키지의 구성과 이행 방안 등을 두고 접점을 찾는 데 어려움을 겪으면서 오는 29일 예정된 한미 정상회담에서 무역 합의를 발표할 수 있을지 불투명한 상황이다.
이와 관련, 한미 무역협상 한국 측 대표인 김정관 산업통상부 장관은 24일 국정감사에서 한국이 매년 250억달러씩 8년간 총 2천억달러의 대미 투자(나머지 1천500억 달러는 신용 보증 등으로 추진)를 하는 방안이 논의되고 있느냐는 질의에 ""그런 논의가 있다""고 확인했다.
그러나 김 장관은 대미 현금 투자 규모 등과 관련해 ""어느 정도가 적절한 수준인가 놓고 (한미) 양 파트가 굉장히 대립하고 있다""고 밝혔다.
이런 가운데, 미 고위 당국자는 트럼프 대통령이 미국 조선업을 재건하기 위해 한국과 협력하고 싶어한다고 재확인했다.
고위 당국자는 ""우리는 그들의 자본과 노하우, 미국 제조업과 방위산업, 조선업과 잠수함 건조의 재건을 돕기 위한 그들의 일반적인 협력을 환영한다""고 말했다.
그는 또 트럼프 대통령이 순방 기간 일련의 경제 합의에 서명할 것이라면서 ""이런 합의는 세계 경제 질서를 더욱 재편하고 미국에서 고임금 일자리를 창출하고 산업 부흥을 진전시킬 투자를 더 많이 확보할 것""이라고 설명했다.
그는 이어 대통령이 무역 합의뿐만 아니라 신뢰할 수 있는 산업 공급망을 구축하는 데 필요한 핵심광물 관련 합의도 이번 아시아 순방 중에 체결할 예정이라고 소개했다.
2019년 판문점서 만난 김정은과 트럼프
[연합뉴스 자료사진]
고위 당국자는 트럼프 대통령이 이번 아시아 순방 기간 비무장지대(DMZ)에서 김정은 북한 국무위원장을 만날 가능성이 있냐는 질문에는 ""대통령이 물론 미래에 김정은을 만나고 싶다는 의지를 표명했지만, 이번 순방 일정에는 없다""고 답했다.
다만 고위당국자는 ""물론 변동이 생길 수는 있다""고 여지를 남겼다.
이는 결국 이날부터 시작되는 트럼프 대통령의 말레이시아, 일본, 한국 등 방문 기간(30일까지) 북미 정상 회동의 계획은 현재 잡혀 있지 않지만 트럼프 대통령의 돌발적인 제안 등에 의해 갑자기 일정이 잡힐 가능성을 완전히 닫아 놓지는 않은 것으로 풀이된다.
아울러 미국 정부 고위 당국자는 트럼프 대통령이 오는 30일 시진핑 중국 국가주석과의 양자 회담을 부산에서 ""주최""(host)한다고도 밝혔다.
그는 ""대통령은 (시 주석과) 무역을 논의하는 데 가장 관심이 있다""며 ""그는 미국과 중국 간의 경제 관계에 대화 초점을 맞출 것""이라고 말했다.
그는 미중 정상회담에서 대만 문제 등을 논의할 가능성에 대해 ""미국 측에서는 다른 의제를 논의할 의사가 없다""면서 무역, 중국의 러시아산 원유 구매, 중국의 희토류 수출통제가 주요 의제라고 재차 설명했다.
트럼프 대통령의 이번 아시아 순방 첫 방문지는 말레이시아다. 트럼프 대통령은 26일 안와르 이브라힘 총리와 회담하고 미국-아세안(ASEAN·동남아시아국가연합) 정상 실무 만찬을 한다.
트럼프 대통령은 또 말레이시아에서 태국과 캄보디아 간 평화협정 서명식을 주재한다.
이어 트럼프 대통령은 27일 일본으로 이동해 다카이치 사나에 신임 일본 총리, 나루히토 일왕 등을 만난다.
또한 일본 방문 기간 기업 최고경영자(CEO)들과 함께하고, 미군 부대를 방문할 계획이다.
그리고 트럼프 대통령은 29일 한국으로 이동하며, 방한 기간 재계 리더들을 상대로 연설한다.
트럼프 대통령은 같은 날 이재명 대통령이 주재하는 양자 프로그램(bilateral program)에 참여하며 이후 주요 역내 정상들과 함께 하는 만찬에 참석한다고 미국 정부 고위 당국자는 소개했따.
당국자가 언급한 '양자 프로그램'은 일단 한미 정상의 양자 회담을 의미하는 것으로 풀이된다.
bluekey@yna.co.kr",수출통제
연합뉴스,"美 ""가능한한 빨리 한국과 무역협상 체결 원해""",네이버뉴스,https://n.news.naver.com/mnews/article/001/0015700202?sid=104,,연합뉴스,"美 ""韓이 적절한 조건 수용하면 가능한한 빨리 무역협상 타결""(종합2보)","트럼프 아시아 순방 브리핑…""김정은 만날 일정無…물론 변동있을수도""
현재로선 계획없으나 '번개 회동' 제안 가능성 완전히 닫진않아
부산서 美中 정상회담…""무역에 가장 관심, 中의 러 원유 구매도 의제""
러트닉 만나고 나오는 한국 측 협상단
[연합뉴스 자료사진 재판매 및 DB금지] 한미가 10월 22일(현지시간) 워싱턴DC에서 무역 합의를 최종 도출하기 위한 막바지 협상을 벌였다.
김용범 대통령실 정책실장이 김정관 산업통상부 장관과 함께 미국 워싱턴 DC에 있는 미 상무부 청사에서 하워드 러트닉 상무장관과 만난 뒤 나서고 있다. 2025.10.23 zheng@yna.co.kr
(워싱턴=연합뉴스) 김동현 특파원 = 한미 무역 협상에서 한국이 미국의 요구를 수용함으로써 가능한 한 신속하게 최종 합의를 도출하길 바란다고 미국 트럼프 행정부 고위당국자가 밝혔다.
이 고위 당국자는 24일(현지시간) 도널드 트럼프 대통령 아시아 순방 관련 사전(事前) 대언론 전화 브리핑에서 방한 기간 한국과 무역 합의를 마무리하냐는 질문에 ""우리는 가능한 한 빨리 한국과 합의를 체결하기를 매우 열망한다""고 답했다.
이어 ""한국이 우리가 적절하다고 생각하는 조건들을 수용할 의사가 있는대로 가능한 한 빨리 하고 싶다""고 덧붙였다.
이 발언은 결국 현재 한미간 무역협상에서 한국의 대미 투자금 집행을 중심으로 매듭짓지 못한 부분이 있음을 미측도 인정한 것으로 풀이된다.
현재 한미 양국은 7월 큰 틀에서 무역합의를 했을 때 한국이 하기로 한 3천500억달러 대미 투자 패키지의 구성과 이행 방안 등을 두고 접점을 찾는 데 어려움을 겪으면서 오는 29일 예정된 한미 정상회담에서 무역 합의를 발표할 수 있을지 불투명한 상황이다.
이와 관련, 한미 무역협상 한국 측 대표인 김정관 산업통상부 장관은 24일 국정감사에서 한국이 매년 250억달러씩 8년간 총 2천억달러의 대미 투자(나머지 1천500억 달러는 신용 보증 등으로 추진)를 하는 방안이 논의되고 있느냐는 질의에 ""그런 논의가 있다""고 확인했다.
그러나 김 장관은 대미 현금 투자 규모 등과 관련해 ""어느 정도가 적절한 수준인가 놓고 (한미) 양 파트가 굉장히 대립하고 있다""고 밝혔다.
이런 가운데, 미 고위 당국자는 트럼프 대통령이 미국 조선업을 재건하기 위해 한국과 협력하고 싶어한다고 재확인했다.
고위 당국자는 ""우리는 그들의 자본과 노하우, 미국 제조업과 방위산업, 조선업과 잠수함 건조의 재건을 돕기 위한 그들의 일반적인 협력을 환영한다""고 말했다.
그는 또 트럼프 대통령이 순방 기간 일련의 경제 합의에 서명할 것이라면서 ""이런 합의는 세계 경제 질서를 더욱 재편하고 미국에서 고임금 일자리를 창출하고 산업 부흥을 진전시킬 투자를 더 많이 확보할 것""이라고 설명했다.
그는 이어 대통령이 무역 합의뿐만 아니라 신뢰할 수 있는 산업 공급망을 구축하는 데 필요한 핵심광물 관련 합의도 이번 아시아 순방 중에 체결할 예정이라고 소개했다.
2019년 판문점서 만난 김정은과 트럼프
[연합뉴스 자료사진]
고위 당국자는 트럼프 대통령이 이번 아시아 순방 기간 비무장지대(DMZ)에서 김정은 북한 국무위원장을 만날 가능성이 있냐는 질문에는 ""대통령이 물론 미래에 김정은을 만나고 싶다는 의지를 표명했지만, 이번 순방 일정에는 없다""고 답했다.
다만 고위당국자는 ""물론 변동이 생길 수는 있다""고 여지를 남겼다.
이는 결국 이날부터 시작되는 트럼프 대통령의 말레이시아, 일본, 한국 등 방문 기간(30일까지) 북미 정상 회동의 계획은 현재 잡혀 있지 않지만 트럼프 대통령의 돌발적인 제안 등에 의해 갑자기 일정이 잡힐 가능성을 완전히 닫아 놓지는 않은 것으로 풀이된다.
아울러 미국 정부 고위 당국자는 트럼프 대통령이 오는 30일 시진핑 중국 국가주석과의 양자 회담을 부산에서 ""주최""(host)한다고도 밝혔다.
그는 ""대통령은 (시 주석과) 무역을 논의하는 데 가장 관심이 있다""며 ""그는 미국과 중국 간의 경제 관계에 대화 초점을 맞출 것""이라고 말했다.
그는 미중 정상회담에서 대만 문제 등을 논의할 가능성에 대해 ""미국 측에서는 다른 의제를 논의할 의사가 없다""면서 무역, 중국의 러시아산 원유 구매, 중국의 희토류 수출통제가 주요 의제라고 재차 설명했다.
트럼프 대통령의 이번 아시아 순방 첫 방문지는 말레이시아다. 트럼프 대통령은 26일 안와르 이브라힘 총리와 회담하고 미국-아세안(ASEAN·동남아시아국가연합) 정상 실무 만찬을 한다.
트럼프 대통령은 또 말레이시아에서 태국과 캄보디아 간 평화협정 서명식을 주재한다.
이어 트럼프 대통령은 27일 일본으로 이동해 다카이치 사나에 신임 일본 총리, 나루히토 일왕 등을 만난다.
또한 일본 방문 기간 기업 최고경영자(CEO)들과 함께하고, 미군 부대를 방문할 계획이다.
그리고 트럼프 대통령은 29일 한국으로 이동하며, 방한 기간 재계 리더들을 상대로 연설한다.
트럼프 대통령은 같은 날 이재명 대통령이 주재하는 양자 프로그램(bilateral program)에 참여하며 이후 주요 역내 정상들과 함께 하는 만찬에 참석한다고 미국 정부 고위 당국자는 소개했따.
당국자가 언급한 '양자 프로그램'은 일단 한미 정상의 양자 회담을 의미하는 것으로 풀이된다.
bluekey@yna.co.kr",수출통제
아시아경제,미국 “한국이 적절한 조건 수용하면 가능한한 빨리 무역협상 타결”,네이버뉴스,https://n.news.naver.com/mnews/article/277/0005669407?sid=104,,아시아경제,"美 ""가능한한 빨리 한국과 무역협상 체결 원해""","""韓이 적절한 조건 수용하면 가능한한 빨리 무역협상""
""김정은 만날 일정無…물론 변동 있을 수도""
부산서 美中 정상회담…""무역에 가장 관심""
미국 트럼프 행정부 고위당국자가 한미 무역 협상의 빠른 체결을 원한다고 밝혔다. 다만, 적절한 조건 수용을 전제해 한국의 대미 투자금 집행을 중심으로 매듭짓지 못하고 있는 것으로 풀이된다.
미국 트럼프 행정부 고위 당국자는 24일(현지시간) 도널드 트럼프 대통령 아시아 순방 관련 사전 대언론 전화 브리핑에서 방한 기간 한국과 무역 합의를 마무리하냐는 질문에 ""우리는 가능한 한 빨리 한국과 합의를 체결하기를 매우 열망한다""고 답했다.
이어 ""한국이 우리가 적절하다고 생각하는 조건들을 수용할 의사가 있는 대로 가능한 한 빨리하고 싶다""고 덧붙였다.
이 발언은 결국 현재 한미간 무역협상에서 한국의 대미 투자금 집행을 중심으로 매듭짓지 못한 부분이 있음을 미측도 인정한 것으로 보인다.
도널드 트럼프 미국 대통령. 연합뉴스
현재 한미 양국은 7월 큰 틀에서 무역합의를 했을 때 한국이 하기로 한 3500억달러 대미 투자 패키지의 구성과 이행 방안 등을 두고 접점을 찾는 데 어려움을 겪고 있다. 오는 29일 예정된 한미 정상회담에서 무역 합의를 발표할 수 있을지 불투명한 상황이다.
한미 무역협상 한국 측 대표인 김정관 산업통상부 장관은 24일 국정감사에서 한국이 매년 250억달러씩 8년간 총 2000억달러의 대미 투자(나머지 1500억 달러는 신용 보증 등으로 추진)를 하는 방안이 논의되고 있느냐는 질의에 ""그런 논의가 있다""고 확인했다.
그러나 김 장관은 대미 현금 투자 규모 등과 관련해 ""어느 정도가 적절한 수준인가 놓고 (한미) 양 파트가 굉장히 대립하고 있다""고 밝혔다.
이런 가운데, 미 고위 당국자는 트럼프 대통령이 미국 조선업을 재건하기 위해 한국과 협력하고 싶어한다고 재확인했다.
고위 당국자는 ""우리는 그들의 자본과 노하우, 미국 제조업과 방위산업, 조선업과 잠수함 건조의 재건을 돕기 위한 그들의 일반적인 협력을 환영한다""고 말했다.
그는 또 트럼프 대통령이 순방 기간 일련의 경제 합의에 서명할 것이라면서 ""이런 합의는 세계 경제 질서를 더욱 재편하고 미국에서 고임금 일자리를 창출하고 산업 부흥을 진전시킬 투자를 더 많이 확보할 것""이라고 설명했다.
그는 이어 대통령이 무역 합의뿐만 아니라 신뢰할 수 있는 산업 공급망을 구축하는 데 필요한 핵심광물 관련 합의도 이번 아시아 순방 중에 체결할 예정이라고 소개했다.
고위 당국자는 트럼프 대통령이 이번 아시아 순방 기간 비무장지대(DMZ)에서 김정은 북한 국무위원장을 만날 가능성이 있냐는 질문에는 ""대통령이 물론 미래에 김정은을 만나고 싶다는 의지를 표명했지만, 이번 순방 일정에는 없다""면서도 ""물론 변동이 생길 수는 있다""고 여지를 남겼다.
이는 결국 이날부터 시작되는 트럼프 대통령의 말레이시아, 일본, 한국 등 방문 기간(30일까지) 북미 정상 회동의 계획은 현재 잡혀 있지 않지만 트럼프 대통령의 돌발적인 제안 등에 의해 갑자기 일정이 잡힐 가능성을 완전히 닫아 놓지는 않은 것으로 풀이된다.
아울러 미국 정부 고위 당국자는 트럼프 대통령이 오는 30일 시진핑 중국 국가주석과의 양자 회담을 부산에서 ""주최""(host)한다고도 밝혔다.
그는 ""대통령은 (시 주석과) 무역을 논의하는 데 가장 관심이 있다""며 ""그는 미국과 중국 간의 경제 관계에 대화 초점을 맞출 것""이라고 말했다.
그는 미중 정상회담에서 대만 문제 등을 논의할 가능성에 대해 ""미국 측에서는 다른 의제를 논의할 의사가 없다""면서 무역, 중국의 러시아산 원유 구매, 중국의 희토류 수출통제가 주요 의제라고 재차 설명했다.
트럼프 대통령의 이번 아시아 순방 첫 방문지는 말레이시아다. 트럼프 대통령은 26일 안와르 이브라힘 총리와 회담하고 미국-아세안(ASEAN·동남아시아국가연합) 정상 실무 만찬을 한다.
트럼프 대통령은 또 말레이시아에서 태국과 캄보디아 간 평화협정 서명식을 주재한다.
이어 트럼프 대통령은 27일 일본으로 이동해 다카이치 사나에 신임 일본 총리, 나루히토 일왕 등을 만난다. 일본 방문 기간 기업 최고경영자(CEO)들과 함께하고, 미군 부대를 방문할 계획이다.
트럼프 대통령은 29일 한국으로 이동하며, 방한 기간 재계 리더들을 상대로 연설한다.
트럼프 대통령은 같은 날 이재명 대통령이 주재하는 양자 프로그램(bilateral program)에 참여하며 이후 주요 역내 정상들과 함께하는 만찬에 참석한다고 미국 정부 고위 당국자는 소개했다.
당국자가 언급한 '양자 프로그램'은 일단 한미 정상의 양자 회담을 의미하는 것으로 풀이된다.",수출통제
매일경제,"美 ""韓과의 빠른 협상 원해…적절한 조건 수용하면""",네이버뉴스,https://n.news.naver.com/mnews/article/009/0005578853?sid=101,,매일경제,미국 “한국이 적절한 조건 수용하면 가능한한 빨리 무역협상 타결”,"트럼프 아시아 순방 브리핑
부산서 미·중 정상회담
김용범 대통령실 정책실장이 김정관 산업통상부 장관과 함께 미국 워싱턴 DC에 있는 미 상무부 청사에서 하워드 러트닉 상무장관과 만난 뒤 나서고 있다. [연합뉴스]
한미 무역 협상에서 한국이 미국의 요구를 수용함으로써 가능한 한 신속하게 최종 합의를 도출하길 바란다고 미국 트럼프 행정부 고위당국자가 밝혔다.
이 고위 당국자는 24일(현지시간) 도널드 트럼프 대통령 아시아 순방 관련 사전 대언론 전화 브리핑에서 방한 기간 한국과 무역 합의를 마무리하냐는 질문에 “우리는 가능한 한 빨리 한국과 합의를 체결하기를 매우 열망한다”고 답했다.
그는 이어 “한국이 우리가 적절하다고 생각하는 조건들을 수용할 의사가 있는대로 가능한 한 빨리 하고 싶다”고 덧붙였다.
현재 한미 양국은 7월 큰 틀에서 무역합의를 했을 때 한국이 하기로 한 3500억 달러 대미 투자 패키지의 구성과 이행 방안 등을 두고 접점을 찾는 데 어려움을 겪으면서 오는 29일 예정된 한미 정상회담에서 무역 합의를 발표할 수 있을지 불투명한 상황이다.
이와 관련해 김정관 산업통상부 장관은 지난 24일 국정감사에서 한국이 매년 250억 달러씩 8년간 총 2000억 달러의 대미 투자(나머지 1500억 달러는 신용 보증 등으로 추진)를 하는 방안이 논의되고 있느냐는 질의에 “그런 논의가 있다”고 확인했다.
하지만 김 장관은 대미 현금 투자 규모 등과 관련해 “어느 정도가 적절한 수준인가 놓고 (한미) 양 파트가 굉장히 대립하고 있다”고 밝혔다.
이런 가운데, 미 고위 당국자는 트럼프 대통령이 미국 조선업을 재건하기 위해 한국과 협력하고 싶어한다고 재확인했다.
그는 “우리는 그들의 자본과 노하우, 미국 제조업과 방위산업, 조선업과 잠수함 건조의 재건을 돕기 위한 그들의 일반적인 협력을 환영한다”며 “트럼프 대통령이 순방 기간 일련의 경제 합의에 서명할 것인데 이런 합의는 세계 경제 질서를 더욱 재편하고 미국에서 고임금 일자리를 창출하고 산업 부흥을 진전시킬 투자를 더 많이 확보할 것”이라고 설명했다.
그러면서 “대통령이 무역 합의뿐만 아니라 신뢰할 수 있는 산업 공급망을 구축하는 데 필요한 핵심광물 관련 합의도 이번 아시아 순방 중에 체결할 예정”이라고 소개했다.
“김정은 만날 일정無…물론 변동있을수도”
도널드 트럼프 미국 대통령과 시진핑 중국 국가주석 [연합뉴스]
고위 당국자는 트럼프 대통령이 이번 아시아 순방 기간 비무장지대(DMZ)에서 김정은 북한 국무위원장을 만날 가능성이 있냐는 질문에는 “대통령이 물론 미래에 김정은을 만나고 싶다는 의지를 표명했지만, 이번 순방 일정에는 없다”고 답했다.
다만 고위당국자는 “물론 변동이 생길 수는 있다”고 여지를 남겼다.
이는 결국 이날부터 시작되는 트럼프 대통령의 말레이시아, 일본, 한국 등 방문 기간(30일까지) 북미 정상 회동의 계획은 현재 잡혀 있지 않지만 트럼프 대통령의 돌발적인 제안 등에 의해 갑자기 일정이 잡힐 가능성을 완전히 닫아 놓지는 않은 것으로 풀이된다.
아울러 미국 정부 고위 당국자는 트럼프 대통령이 오는 30일 시진핑 중국 국가주석과의 양자 회담을 부산에서 “주최”(host)한다고도 밝혔다.
그는 “대통령은 (시 주석과) 무역을 논의하는 데 가장 관심이 있다”며 “그는 미국과 중국 간의 경제 관계에 대화 초점을 맞출 것”이라고 말했다.
그는 미중 정상회담에서 대만 문제 등을 논의할 가능성에 대해 “미국 측에서는 다른 의제를 논의할 의사가 없다”면서 무역, 중국의 러시아산 원유 구매, 중국의 희토류 수출통제가 주요 의제라고 재차 설명했다.",수출통제
매일신문,"미 ""한국이 적절한 조건 수용하면 가능한 빨리 무역협상 타결""",네이버뉴스,https://n.news.naver.com/mnews/article/088/0000977240?sid=104,,매일신문,"美 ""韓과의 빠른 협상 원해…적절한 조건 수용하면""","트럼프 아시아 순방 브리핑
""김정은 만날 일정無…물론 변동있을수도""
부산서 美中 정상회담
이재명 대통령과 도널드 트럼프 미국 대통령이 25일(현지시간) 미국 워싱턴DC 백악관에서 정상회담을 하고 있다. 연합뉴스
미국이 도널드 트럼프 대통령 방한을 앞두고 한국과의 관세협상이 조속히 타결되기 원한다고 밝혔다. 또 김정은 북한 국무위원장과의 깜짝 회담은 계획이 없다면서도, 상황은 변할 수 있다며 여지를 남겼다.
미국 트럼프 행정부 고위당국자는 24일(현지 시간) 트럼프 대통령 아시아 순방 관련 사전(事前) 대언론 전화 브리핑에서 방한 기간 한국과 무역 합의를 마무리하냐는 질문에 ""우리는 가능한 한 빨리 한국과 합의를 체결하기를 매우 열망한다""고 답했다.
이어 ""한국이 우리가 적절하다고 생각하는 조건들을 수용할 의사가 있는대로 가능한 한 빨리 하고 싶다""고 덧붙였다.
한미는 지난 7월 상호관세와 자동차 등 품목관세를 15%로 인하하기로 합의했다. 또 한국은 3천500억달러 규모의 대미투자에 나서기로 했다. 하지만 투자 방식 등 세부사항에서 접점을 찾지 못해 석달째 후속협상이 진행 중이다.
미 고위 당국자는 트럼프 대통령이 미국 조선업을 재건하기 위해 한국과 협력하고 싶어한다고 재확인했다.
고위 당국자는 ""우리는 그들의 자본과 노하우, 미국 제조업과 방위산업, 조선업과 잠수함 건조의 재건을 돕기 위한 그들의 일반적인 협력을 환영한다""고 말했다.
또 트럼프 대통령이 순방 기간 일련의 경제 합의에 서명할 것이라면서 ""이런 합의는 세계 경제 질서를 더욱 재편하고 미국에서 고임금 일자리를 창출하고 산업 부흥을 진전시킬 투자를 더 많이 확보할 것""이라고 설명했다.
그는 이어 대통령이 무역 합의뿐만 아니라 신뢰할 수 있는 산업 공급망을 구축하는 데 필요한 핵심광물 관련 합의도 이번 아시아 순방 중에 체결할 예정이라고 소개했다.
트럼프 대통령이 이번 아시아 순방 기간 비무장지대(DMZ)에서 김정은 북한 국무위원장을 만날 가능성이 있냐는 질문에는 ""대통령이 물론 미래에 김정은을 만나고 싶다는 의지를 표명했지만, 이번 순방 일정에는 없다""고 답했다.
다만 고위당국자는 ""물론 변동이 생길 수는 있다""고 여지를 남겼다.
아울러 미국 정부 고위 당국자는 트럼프 대통령이 오는 30일 시진핑 중국 국가주석과의 양자 회담을 부산에서 ""주최""(host)한다고도 밝혔다.
그는 ""대통령은 (시 주석과) 무역을 논의하는 데 가장 관심이 있다""며 ""그는 미국과 중국 간의 경제 관계에 대화 초점을 맞출 것""이라고 말했다.
그는 미중 정상회담에서 대만 문제 등을 논의할 가능성에 대해 ""미국 측에서는 다른 의제를 논의할 의사가 없다""면서 무역, 중국의 러시아산 원유 구매, 중국의 희토류 수출통제가 주요 의제라고 재차 설명했다.",수출통제
뉴시스,"USTR ""中 트럼프 1기때 무역협정 이행과 대응조치 조사""",네이버뉴스,https://n.news.naver.com/mnews/article/003/0013556945?sid=104,,뉴시스,"USTR ""中 트럼프 1기때 무역협정 이행과 대응조치 조사""","301조 조사 개시…해외 불공정 관행에 보복 가능
사실상 대중 추가 관세 염두…정상회담 6일앞 조치
[워싱턴=AP/뉴시스]도널드 트럼프 미국 대통령이 22일(현지 시간) 백악관에서 마르크 뤼터 북대서양조약기구(NATO·나토) 사무총장과 회담하며 발언하고 있다. 2025.10.23.
[워싱턴=뉴시스] 이윤희 특파원 = 도널드 트럼프 미국 행정부가 미중 정상회담을 일주일여 앞두고, 중국의 과거 무역협정 이행 여부를 확인하기 위한 재조사에 착수했다. 사실상 대중 추가관세 부과를 위한 준비작업인데, 중국과 무역협상에서 협상력을 높이기 위한 압박 조치로 해석된다.
미국무역대표부(USTR)는 24일(현지 시간) 보도자료를 통해 트럼프 1기 행정부 당시 체결된 미중 무역합의(1단계 협정) 이행 여부를 확인하기 위헤 무역법 301조에 근거한 조사를 개시한다고 밝혔다.
USTR은 ""중국이 1단계 협정에서의 약속을 충분히 이행했는지 여부, 중국의 약속 미이행으로 미국 상업에 가해진 부담이나 제한, 그리고 필요할 경우 어떤 조치가 대응해 취해져야할지를 조사할 예정""이라고 설명했다.
조사의 근거가 된 무역법 301조는 해외국가의 불공정 무역 관행이 미국에 경제에 피해를 준다고 판단될 경우, 행정부가 조사를 거쳐 관세 등 보복 조치를 취할 수 있게하는 규정이다.
트럼프 대통령은 1기 재임 시절에도 301조 규정을 이용해 중국에 고율 관세를 부과한 바 있어, 이번 조치 역시 대중 추가 관세를 염두에 둔 것으로 보인다.
트럼프 대통령은 이달 초 중국이 희토류 수출통제를 강화하자, 취소하지 않으면 11월 1일부터 100% 추가 관세를 부과하겠다고 예고한 상태다. 다만 301조 조사가 완료되려면 통상 수개월이 필요한 만큼, 100% 추가관세를 부과하기 위한 조치는 아닌 것으로 보인다.
이번 조치는 오는 30일 한국에서 예정된 트럼프 대통령과 시진핑 중국 국가주석간 회담을 엿새 앞두고 이뤄진 점도 주목된다.
트럼프 대통령은 이번 회담에서 중국과 무역합의에 이를 것으로 기대하고 있는데, 협상에 앞서 협상력을 높이기 위해 압박에 나선 모습이다.
미중은 2019년 12월 1단계 무역합의를 체결했다. 중국이 미국산 천연가스·대두·항공기 등 2000억 달러 상당의 미국 제품을 구매하고, 중국 시장을 개방하며, 미국의 지식재산권 보호를 강화한다는 것이 골자다.
피터슨국제경제연구소(PIIE)에 따르면 중국은 당시 약속한 수입 목표의 58%만 이행했고, 이는 무역전쟁 이전 수준에도 미치지 못하는 수준이라고 한다.
제이미슨 그리어 USTR 대표는 ""이번 조사 개시는 중국이 1단계 협정 약속을 이행하도록 하고 미국 농민, 목장주, 노동자, 혁신가를 보호하며 미국 국민들의 이익을 위해 중국과 상호호혜적 무역관계를 구축하겠다는 트럼프 행정부의 결의를 강조한다""고 전했다．",수출통제
뉴시스,"미국 ""중국, 과거 무역 합의 이행 여부 조사""...중국 ""단호히 반대""",네이버뉴스,https://n.news.naver.com/mnews/article/003/0013556945?sid=104,,뉴시스,"USTR ""中 트럼프 1기때 무역협정 이행과 대응조치 조사""","301조 조사 개시…해외 불공정 관행에 보복 가능
사실상 대중 추가 관세 염두…정상회담 6일앞 조치
[워싱턴=AP/뉴시스]도널드 트럼프 미국 대통령이 22일(현지 시간) 백악관에서 마르크 뤼터 북대서양조약기구(NATO·나토) 사무총장과 회담하며 발언하고 있다. 2025.10.23.
[워싱턴=뉴시스] 이윤희 특파원 = 도널드 트럼프 미국 행정부가 미중 정상회담을 일주일여 앞두고, 중국의 과거 무역협정 이행 여부를 확인하기 위한 재조사에 착수했다. 사실상 대중 추가관세 부과를 위한 준비작업인데, 중국과 무역협상에서 협상력을 높이기 위한 압박 조치로 해석된다.
미국무역대표부(USTR)는 24일(현지 시간) 보도자료를 통해 트럼프 1기 행정부 당시 체결된 미중 무역합의(1단계 협정) 이행 여부를 확인하기 위헤 무역법 301조에 근거한 조사를 개시한다고 밝혔다.
USTR은 ""중국이 1단계 협정에서의 약속을 충분히 이행했는지 여부, 중국의 약속 미이행으로 미국 상업에 가해진 부담이나 제한, 그리고 필요할 경우 어떤 조치가 대응해 취해져야할지를 조사할 예정""이라고 설명했다.
조사의 근거가 된 무역법 301조는 해외국가의 불공정 무역 관행이 미국에 경제에 피해를 준다고 판단될 경우, 행정부가 조사를 거쳐 관세 등 보복 조치를 취할 수 있게하는 규정이다.
트럼프 대통령은 1기 재임 시절에도 301조 규정을 이용해 중국에 고율 관세를 부과한 바 있어, 이번 조치 역시 대중 추가 관세를 염두에 둔 것으로 보인다.
트럼프 대통령은 이달 초 중국이 희토류 수출통제를 강화하자, 취소하지 않으면 11월 1일부터 100% 추가 관세를 부과하겠다고 예고한 상태다. 다만 301조 조사가 완료되려면 통상 수개월이 필요한 만큼, 100% 추가관세를 부과하기 위한 조치는 아닌 것으로 보인다.
이번 조치는 오는 30일 한국에서 예정된 트럼프 대통령과 시진핑 중국 국가주석간 회담을 엿새 앞두고 이뤄진 점도 주목된다.
트럼프 대통령은 이번 회담에서 중국과 무역합의에 이를 것으로 기대하고 있는데, 협상에 앞서 협상력을 높이기 위해 압박에 나선 모습이다.
미중은 2019년 12월 1단계 무역합의를 체결했다. 중국이 미국산 천연가스·대두·항공기 등 2000억 달러 상당의 미국 제품을 구매하고, 중국 시장을 개방하며, 미국의 지식재산권 보호를 강화한다는 것이 골자다.
피터슨국제경제연구소(PIIE)에 따르면 중국은 당시 약속한 수입 목표의 58%만 이행했고, 이는 무역전쟁 이전 수준에도 미치지 못하는 수준이라고 한다.
제이미슨 그리어 USTR 대표는 ""이번 조사 개시는 중국이 1단계 협정 약속을 이행하도록 하고 미국 농민, 목장주, 노동자, 혁신가를 보호하며 미국 국민들의 이익을 위해 중국과 상호호혜적 무역관계를 구축하겠다는 트럼프 행정부의 결의를 강조한다""고 전했다．",수출통제
YTN,"대중 압박카드 꺼냈다...美, 시진핑 회담 앞두고 '1단계 무역합의' 조사",네이버뉴스,https://n.news.naver.com/mnews/article/052/0002264240?sid=104,,YTN,"미국 ""중국, 과거 무역 합의 이행 여부 조사""...중국 ""단호히 반대""","[앵커]
트럼프 미국 대통령과 시진핑 중국 주석의 정상회담이 임박한 가운데 미국이 중국에 대한 압박의 수위를 끌어올렸습니다.
중국이 과거 체결했던 무역 합의를 제대로 지켰는지 조사에 착수했다고 발표했습니다.
여기에 중국이 곧바로 반발하고 나서면서 긴장이 더 높아지고 있습니다.
취재기자 연결합니다. 유투권 기자!
중국의 희토류 수출 통제에 맞서 100% 관세 부과를 예고한 트럼프 행정부가 추가적인 압박에 나선 셈이군요?
[기자]
네 그렇습니다.
제이미슨 그리어 USTR 대표는 중국이 트럼프 1기 시절 체결한 무역 합의를 제대로 이행했지는 조사에 착수했다고 밝혔습니다.
그러면서 이번 조치는 ""중국과의 무역에서 상호주의를 강화하겠다는 트럼프 행정부의 결의""라고 강조했습니다.
무역법 301조에 따른 이번 조사는 사실상 추가적인 무역 제재를 예고하는 조치입니다.
다만, 한 달이 넘는 의견 수렴에 이어 12월 공청회 등의 절차를 거쳐야 합니다.
트럼프 대통령은 집권 1기였던 지난 2019년 12월, 수 개월간 중국과 무역 전쟁을 벌인 끝에 협상을 타결했습니다.
당시 중국은 지식재산권이나 농업, 금융 분야 등의 정책 개선, 그리고 2년간 2천억 달러씩 수입 확대 등을 약속했습니다.
하지만 2천억 달러 합의는 지켜지지 못했고, 트럼프 대통령은 그동안 여러 차례 이 문제를 거론하며 불만을 터뜨렸습니다.
USTR에서 추가적인 압박 조치를 발표한 가운데 백악관은 미·중 정상회담 결과에 신중한 태도를 유지했습니다.
직접 들어보시겠습니다.
[캐빈 헤셋 / 백악관 국가경제위원회 위원장 : (기자: 11월 1일 이전 무역 협상 타결을 낙관하십니까?) 어떻게 될지 지켜보겠습니다. 다만 스콧 베센트와 트럼프 대통령이라는 최고의 협상가들이 문제를 논의하고 있습니다.]
[앵커]
이런 조치에 대한 중국 측도 즉각적인 반응을 내놨다고 하는데, 소개해주시죠.
[기자]
미국 주재 중국대사관을 통해 나왔습니다.
주미 중국대사관 대변인은 SNS를 통해 USTR의 주장은 사실에 근거하지 않은 비난이라며 미국의 조치에 단호히 반대한다고 밝혔습니다.
또 중국은 1단계 무역 합의를 성실히 이행했고, 오히려 미국이 수출 통제나 투자 제한 조치로 합의 정신을 어겼다고 비난했습니다.
다만 중국이 이런 비판에 더해 실질적인 맞대응에 나설지는 불투명한데요,
미국 내에선 30일 정상회담을 앞두고 나온 이번 조치가 오히려 중국을 자극해 협상에 차질을 줄 수 있다는 우려도 나왔습니다.
뉴욕타임스는 ""정상회담을 앞두고 영향력을 확보하려는 시도로 해석할 수 있지만, 양국 긴장을 고조시킬 위험이 있다""고 지적했습니다.
지금까지 국제부에서 YTN 유투권입니다.
영상편집;이은경
※ '당신의 제보가 뉴스가 됩니다'
[카카오톡] YTN 검색해 채널 추가
[전화] 02-398-8585
[메일] social@ytn.co.kr",수출통제
조세일보,"주미中대사관, 美의 中대상 무역합의 이행 조사에 ""단호 반대""",네이버뉴스,https://n.news.naver.com/mnews/article/123/0002370574?sid=104,,조세일보,"대중 압박카드 꺼냈다...美, 시진핑 회담 앞두고 '1단계 무역합의' 조사","무역법 301조에 따라 '1단계 무역합의' 불이행 조사
대중 추가 관세 근거 확보 및 대법원 IEEPA 소송 대비
◆…2020년 1월 15일 미국 워싱턴 백악관 이스트룸에서 열린 미·중 1단계 무역합의 서명식. 사진=로이터통신
미국 정부가 지난 2020년 체결한 '1단계 무역 합의'를 중국이 제대로 이행했는지에 대한 전면적인 조사에 착수했다. 이는 중국에 추가 관세 부과를 위한 법적 수단을 확보하고 무역 협상에서 협상력을 높이기 위한 압박 카드로 풀이된다.
24일(현지시간) 로이터통신 등에 따르면 미국 무역대표부(USTR)는 이날 중국이 1단계 무역 합의를 제대로 이행하지 않은 정황을 근거로, 1974년 무역법 301조에 따른 불공정 무역 관행 조사를 개시한다고 공식 발표했다.
이번 조사는 10월 31일부터 12월 1일까지 대중 의견 수렴 절차를 거친 후 12월 16일 추가 증언 수집을 위한 공개 청문회가 열릴 예정이다.
제이미슨 그리어 USTR 대표는 성명을 통해 ""이번 조사의 개시는 중국이 1단계 합의의 약속을 지키도록 하고, 미국 국민의 이익을 위한 상호 호혜적 무역 관계를 구축하겠다는 트럼프 행정부의 결의를 보여주는 것""이라고 강조했다.
1단계 무역합의는 미국과 중국 간 무역 불균형을 조정하기 위해 체결됐으며, 중국이 미국산 농산물·공산품·에너지·서비스 등을 연간 2000억 달러 이상, 최소 2년간 구매하도록 약속하는 내용을 담고 있다.
그러나 코로나19 팬데믹 등 여파로 중국은 구매 목표 달성에 실패한 것으로 알려졌다.
미국은 조사를 통해 중국산 수입품에 대한 추가 관세 부과 근거를 확보하고, 11월 5일 예정된 국제긴급경제권한법(IEEPA) 관련 대법원 소송에서 기존 관세(약 30%)가 무효화될 경우를 대비한 '법적 보험'을 선제적으로 마련할 수 있게 된다고 로이터는 전했다.
■
중국, '미국 책임론' 내세우며 즉각 반발
중국 정부는 즉각 반발했다.
류펑위 주미중국대사관 대변인은 X(옛 트위터)를 통해 ""중국은 지식재산권 보호, 수입 확대 등 1단계 합의의 의무를 성실히 이행했다""며 ""미국의 허위 주장과 조사 조치에 강력히 반대한다""고 밝혔다.
이어 ""1단계 합의 체결 이후 미국은 수출 통제, 투자 제한 등 합의 정신에 어긋나는 제한 조치를 시행하면서 중국에 대한 경제적 압력을 강화했다. 미국의 조치는 미·중 경제·무역 관계에 심각한 피해를 주고, 합의 이행에 필요한 조건을 훼손했다""며 미국에 책임을 돌렸다.",수출통제
연합뉴스,"주미 중국대사관, 미국의 무역합의 이행 조사에 ""단호 반대""",네이버뉴스,https://n.news.naver.com/mnews/article/001/0015700193?sid=104,,연합뉴스,"주미中대사관, 美의 中대상 무역합의 이행 조사에 ""단호 반대""","""中은 합의 의무 이행했으나 美가 합의 이행 조건 훼손""
시진핑 중국 국가주석(왼쪽)과 도널드 트럼프 미국 대통령
[AP 연합뉴스 자료사진. 재판매 및 DB 금지]
(워싱턴=연합뉴스) 박성민 특파원 = 미국 주재 중국대사관은 24일(현지시간) 미국 정부가 도널드 트럼프 1기 행정부 때 체결한 미중 간 '1단계 무역 합의'의 완전한 이행 여부 조사에 착수한 것에 대해 ""미국의 사실이 아닌 비난과 관련 검토 조처에 단호히 반대한다""고 반발했다.
류펑위 주미중국대사관 대변인은 이날 엑스(X·옛 트위터)에 ""책임 있는 대국으로서 중국은 지식재산권 보호, 수입 확대, 시장 접근성 증대 등 1단계 경제·무역 합의의 의무를 성실히 이행했다. 이는 미국 기업을 비롯한 모든 나라 투자자가 중국의 경제발전 혜택을 공유할 수 있도록 유리한 비즈니스 환경을 조성한 것""이라며 이같이 밝혔다.
이어 ""그러나, 1단계 합의 체결 이후 미국은 수출 통제, 투자 제한 등 합의 정신에 어긋나는 일련의 제한 조처를 시행하면서 체계적으로 중국에 대한 경제적 및 기타 형태의 압력을 강화해왔다""고 지적했다.
그는 또한 ""동시에 미국은 인권과 홍콩, 대만, 신장(新疆), 팬데믹과 관련된 허위 주장을 홍보해왔다""며 ""이러한 행동은 미중 관계와 경제·무역 관계에 심각한 피해를 유발했고, 정상적 무역 및 투자 행위를 방해하고, 합의 이행에 필요한 조건을 크게 훼손했다""고 덧붙였다.
이는 트럼프 집권 1기 당시 체결한 무역 합의를 중국이 성실히 이행했지만, 중국에 대한 미국의 각종 견제 때문에 합의를 다 이행할 수는 없었으므로 이는 미국의 책임이라는 주장으로 풀이된다.
앞서 미국 무역대표부(USTR)는 이날 중국이 지난 2019년 12월 타결한 1단계 무역 합의를 완전히 이행했는지에 대해 무역법 301조에 입각한 조사를 시작했다고 발표했다.
트럼프 대통령은 그간 중국이 합의를 지키지 않았다고 비판해왔으며, 올해 1월 취임 당일에도 '미국 우선주의 무역정책' 각서에 서명하면서 중국을 상대로 합의 이행 여부를 평가하고 관세 부과 등 적절한 조치를 권고할 것을 지시한 바 있다.
특히 미국의 이번 조처는 트럼프 대통령과 시진핑 중국 국가주석의 미중 정상회담(한국시간 30일·부산)을 며칠 남기지 않은 상황에서 나왔다.
리우 대변인은 ""중국은 안정적이고 건실하며 지속 가능한 미·중 경제·무역 관계 발전을 보장하기 위해 미국이 잘못된 관행을 즉시 시정하고, 양국 정상 통화에서 나온 중요한 합의를 준수하고, 어렵게 얻은 합의 성과를 보호하고, 미·중 경제무역 합의 메커니즘을 계속 활용하고, 상호 존중과 평등한 협의의 원칙에 따라 대화를 통해 각자의 우려를 해소하고 차이를 적절히 관리하길 촉구한다""고 강조했다.
min22@yna.co.kr",수출통제
뉴스1,"트럼프, 아시아 순방 돌입…시진핑과 무역 담판·김정은과 깜짝 회동 가...",네이버뉴스,https://n.news.naver.com/mnews/article/421/0008562098?sid=104,,뉴스1,"트럼프, 아시아 순방 돌입…시진핑과 무역 담판·김정은과 깜짝 회동 가능성","말레이시아·일본·한국 순차 방문…미중 관세 전쟁·북핵 외교 총력전
24일(현지시간) 도널드 트럼프 미국 대통령이 메릴랜드주(州) 앤드루스 합동기지에서 에어 포스 원(Air Force One)에 탑승하고 있다. 2025.10.24 ⓒ AFP=뉴스1
(서울=뉴스1) 신기림 기자 = 도널드 트럼프 미국 대통령이 말레이시아, 일본, 한국을 방문하는 아시아 순방길에 올라 시진핑 중국 국가주석과 무역 담판에 나선다.
또 김정은 북한 노동당 총비서와의 '깜짝' 회동 가능성까지 시사하며 트럼프 대통령은 이번 아시아 방문에서 외교, 경제 역량을 총동원하는 모습이다.
트럼프-시진핑 30일 무역 담판…희토류·관세 전쟁 막을까
25일 로이터 통신에 따르면 트럼프 대통령은 아시아 순방을 위해 탑승한 에어포스원에서 기자들에게 ""시 주석과 이야기할 것이 많고, 그도 우리와 이야기할 것이 많다. 좋은 회담이 될 것""이라고 말했다.
그는 중국의 미국산 대두 수입 중단, 대만 문제, 홍콩 언론재벌 지미 라이의 석방 문제 등을 주요 의제로 언급했다. 다만, 대만 방문 계획은 없다고 밝혔다. 트럼프는 중국이 러시아 문제에 있어 미국을 도울 수 있기를 바란다는 입장도 밝혔다.
우선 이번 아시아 방문의 하이라이트인 미중 정상회담의 성공을 위해 25일 말레이시아 쿠알라룸푸르에서 고위 경제 당국자들이 모였다. 미국 측에서는 스콧 베선트 재무장관, 제이미슨 그리어 무역대표부(USTR) 대표, 중국 측에서는 허리펑 부총리와 리청강 상무부 국제무역담당 부부장이 참석했다.
로이터 통신에 따르면 이번 회담은 세계에서 두 번째로 높은 건물 '머르데카 118타워'에서 비공개로 진행되며 양측은 회담 결과에 대한 언론 브리핑을 하지 않겠다는 입장이다.
이번 회담은 양국간 무역전쟁이 더 격화하는 것을 막고 다음 주 한국에서 예정된 트럼프 대통령과 시 주석의 정상회담의 성사를 위한 사전 조율 차원에서 열렸다. 회담은 동남아시아국가연합(ASEAN) 정상회의를 계기로 진행된다.
트럼프 대통령이 11월 1일부터 중국산 제품에 100% 관세를 부과하겠다고 경고한 데 대한 대응책을 논의하는 자리다. 트럼프의 추가 관세 위협은 중국이 희토류 자석 및 광물에 대한 수출 통제를 대폭 강화한 데 따른 보복 조치다.
도널드 트럼프 미국 대통령과 시진핑 중국 국가주석이 트럼프의 첫 대통령 임기 때인 2019년 6월 29일 일본 오사카에서 열린 G20 정상회의에서 정상회담 전 인사를 나눈 뒤 자리에 앉으려 이동하고 있다. ⓒ 로이터=뉴스1 ⓒ News1 류정민 특파원
트럼프-김정은 '깜짝' 재회 가능성…""북한, 일종의 핵보유국""
트럼프 대통령은 특유의 돌출 발언으로 북한을 일종의 핵보유국이라며 김정은 총비서와 깜짝 회동 가능성도 언급했다.
25일 AFP통신에 따르면 트럼프 대통령은 에어포스원 탑승중 '북한이 핵국가로 인정 받아야 대화에 나서겠다는 요구를 수용(open)할 의향이 있느냐'는 질문에 대해 ""그들(북한)은 일종의 핵보유국이라고 생각한다""고 답했다.
그는 이어 ""북한을 핵국가로 인정해야 한다는 말이 나올 때 나는 '그들은 핵무기를 많이 갖고 있다'고 말하겠다""고 덧붙였다.
김정은 북한 노동당 총비서는 지난 9월 최고인민회의 연설에서 ""미국이 핵 포기라는 망상적 요구를 철회하면 대화에 열려 있다""고 밝힌 바 있다. 트럼프 대통령 역시 ""올해 안에 김 위원장을 다시 만나고 싶다""고 언급했다.
트럼프 대통령은 아시아 순방에 앞서 백악관에서도 기자들과 만나 김정은 총비서와 만남 가능성에 대한 질문에 ""그와 만나고 싶다. 그도 우리가 그곳에 간다는 걸 알고 있다""고 말했다. 트럼프 대통령이 김정은 총비서와 만나는 공식 일정은 없지만 북미 정상의 '깜짝' 회동 가능성을 시사한 것이다.
트럼프 대통령은 말레이시아 쿠알룸푸르(26~27일)에서의 일정을 시작으로 일본(27~29일), 한국(29~30일) 등을 순차적으로 방문한다. 한국 방문 첫날인 29일에는 이재명 대통령과 회담하고, 이튿날인 30일에는 시진핑 중국 국가주석과 만난다. 이 기간 트럼프 대통령이 판문점에서 김정은 총비서와 만날 가능성이 제기되고 있다.
공식 발표는 없지만, 남북공동경비구역(JSA)의 관광이 10월 말부터 11월 초까지 중단된 상태이며 북측 JSA 인근을 정비하는 모습이 올해 처음으로 포착됐다.
트럼프 대통령과 김정은 총비서는 2019년 판문점에서 깜짝 회동을 가진 바 있으며, 당시 트럼프 대통령은 북한 영토에 발을 디딘 최초의 미국 대통령으로 기록됐다. 두 정상은 총 세 차례 정상회담을 가졌지만, 북한의 핵 포기 범위와 미국의 상응 조치에 대한 이견으로 협상은 결렬됐다. 이후 북한은 ""되돌릴 수 없는 핵보유국""이라고 반복적으로 선언해왔다.
도널드 트럼프 미국 대통령이 첫 임기 때인 2019년 6월 30일 김정은 북한 노동당 총비서와 비무장지대 판문점에서 만나 군사분계선을 넘은 뒤 포즈를 취하고 있다. ⓒ 로이터=뉴스1 ⓒ News1 류정민 특파원",수출통제
뉴스1,"트럼프 ""北, 일종의 핵보유국… 김정은 만나고 싶어""",네이버뉴스,https://n.news.naver.com/mnews/article/421/0008562098?sid=104,,뉴스1,"트럼프, 아시아 순방 돌입…시진핑과 무역 담판·김정은과 깜짝 회동 가능성","말레이시아·일본·한국 순차 방문…미중 관세 전쟁·북핵 외교 총력전
24일(현지시간) 도널드 트럼프 미국 대통령이 메릴랜드주(州) 앤드루스 합동기지에서 에어 포스 원(Air Force One)에 탑승하고 있다. 2025.10.24 ⓒ AFP=뉴스1
(서울=뉴스1) 신기림 기자 = 도널드 트럼프 미국 대통령이 말레이시아, 일본, 한국을 방문하는 아시아 순방길에 올라 시진핑 중국 국가주석과 무역 담판에 나선다.
또 김정은 북한 노동당 총비서와의 '깜짝' 회동 가능성까지 시사하며 트럼프 대통령은 이번 아시아 방문에서 외교, 경제 역량을 총동원하는 모습이다.
트럼프-시진핑 30일 무역 담판…희토류·관세 전쟁 막을까
25일 로이터 통신에 따르면 트럼프 대통령은 아시아 순방을 위해 탑승한 에어포스원에서 기자들에게 ""시 주석과 이야기할 것이 많고, 그도 우리와 이야기할 것이 많다. 좋은 회담이 될 것""이라고 말했다.
그는 중국의 미국산 대두 수입 중단, 대만 문제, 홍콩 언론재벌 지미 라이의 석방 문제 등을 주요 의제로 언급했다. 다만, 대만 방문 계획은 없다고 밝혔다. 트럼프는 중국이 러시아 문제에 있어 미국을 도울 수 있기를 바란다는 입장도 밝혔다.
우선 이번 아시아 방문의 하이라이트인 미중 정상회담의 성공을 위해 25일 말레이시아 쿠알라룸푸르에서 고위 경제 당국자들이 모였다. 미국 측에서는 스콧 베선트 재무장관, 제이미슨 그리어 무역대표부(USTR) 대표, 중국 측에서는 허리펑 부총리와 리청강 상무부 국제무역담당 부부장이 참석했다.
로이터 통신에 따르면 이번 회담은 세계에서 두 번째로 높은 건물 '머르데카 118타워'에서 비공개로 진행되며 양측은 회담 결과에 대한 언론 브리핑을 하지 않겠다는 입장이다.
이번 회담은 양국간 무역전쟁이 더 격화하는 것을 막고 다음 주 한국에서 예정된 트럼프 대통령과 시 주석의 정상회담의 성사를 위한 사전 조율 차원에서 열렸다. 회담은 동남아시아국가연합(ASEAN) 정상회의를 계기로 진행된다.
트럼프 대통령이 11월 1일부터 중국산 제품에 100% 관세를 부과하겠다고 경고한 데 대한 대응책을 논의하는 자리다. 트럼프의 추가 관세 위협은 중국이 희토류 자석 및 광물에 대한 수출 통제를 대폭 강화한 데 따른 보복 조치다.
도널드 트럼프 미국 대통령과 시진핑 중국 국가주석이 트럼프의 첫 대통령 임기 때인 2019년 6월 29일 일본 오사카에서 열린 G20 정상회의에서 정상회담 전 인사를 나눈 뒤 자리에 앉으려 이동하고 있다. ⓒ 로이터=뉴스1 ⓒ News1 류정민 특파원
트럼프-김정은 '깜짝' 재회 가능성…""북한, 일종의 핵보유국""
트럼프 대통령은 특유의 돌출 발언으로 북한을 일종의 핵보유국이라며 김정은 총비서와 깜짝 회동 가능성도 언급했다.
25일 AFP통신에 따르면 트럼프 대통령은 에어포스원 탑승중 '북한이 핵국가로 인정 받아야 대화에 나서겠다는 요구를 수용(open)할 의향이 있느냐'는 질문에 대해 ""그들(북한)은 일종의 핵보유국이라고 생각한다""고 답했다.
그는 이어 ""북한을 핵국가로 인정해야 한다는 말이 나올 때 나는 '그들은 핵무기를 많이 갖고 있다'고 말하겠다""고 덧붙였다.
김정은 북한 노동당 총비서는 지난 9월 최고인민회의 연설에서 ""미국이 핵 포기라는 망상적 요구를 철회하면 대화에 열려 있다""고 밝힌 바 있다. 트럼프 대통령 역시 ""올해 안에 김 위원장을 다시 만나고 싶다""고 언급했다.
트럼프 대통령은 아시아 순방에 앞서 백악관에서도 기자들과 만나 김정은 총비서와 만남 가능성에 대한 질문에 ""그와 만나고 싶다. 그도 우리가 그곳에 간다는 걸 알고 있다""고 말했다. 트럼프 대통령이 김정은 총비서와 만나는 공식 일정은 없지만 북미 정상의 '깜짝' 회동 가능성을 시사한 것이다.
트럼프 대통령은 말레이시아 쿠알룸푸르(26~27일)에서의 일정을 시작으로 일본(27~29일), 한국(29~30일) 등을 순차적으로 방문한다. 한국 방문 첫날인 29일에는 이재명 대통령과 회담하고, 이튿날인 30일에는 시진핑 중국 국가주석과 만난다. 이 기간 트럼프 대통령이 판문점에서 김정은 총비서와 만날 가능성이 제기되고 있다.
공식 발표는 없지만, 남북공동경비구역(JSA)의 관광이 10월 말부터 11월 초까지 중단된 상태이며 북측 JSA 인근을 정비하는 모습이 올해 처음으로 포착됐다.
트럼프 대통령과 김정은 총비서는 2019년 판문점에서 깜짝 회동을 가진 바 있으며, 당시 트럼프 대통령은 북한 영토에 발을 디딘 최초의 미국 대통령으로 기록됐다. 두 정상은 총 세 차례 정상회담을 가졌지만, 북한의 핵 포기 범위와 미국의 상응 조치에 대한 이견으로 협상은 결렬됐다. 이후 북한은 ""되돌릴 수 없는 핵보유국""이라고 반복적으로 선언해왔다.
도널드 트럼프 미국 대통령이 첫 임기 때인 2019년 6월 30일 김정은 북한 노동당 총비서와 비무장지대 판문점에서 만나 군사분계선을 넘은 뒤 포즈를 취하고 있다. ⓒ 로이터=뉴스1 ⓒ News1 류정민 특파원",수출통제
