press,title,naver_news_text,naver_news_url,body,press_html,title_html,body_html,label
오마이뉴스,"임광현 국세청장,부동산투기와 전쟁…""30억이상 5천건 전수조사""",네이버뉴스,https://n.news.naver.com/mnews/article/047/0002490210?sid=101,,오마이뉴스,"임광현 국세청장, 부동산 투기와 전쟁…""30억이상 5천건 전수조사""","강남 등 한강벨트 초고가주택 104명 전격 세무조사… 국토부와 부동산 시장 감독 업무협약도 맺어
▲
임광현 국세청장
ⓒ 국세청
임광현 국세청장이 부동산 투기와의 전쟁에 나섰다. 서울 강남과 한강벨트의 초고가 주택 거래 5000여 건 모두에 대해 자금 출처 등을 조사했다. 이 가운데 탈세가 의심되는 104명에 대해 전격 세무조사에 착수했다. 또 국토교통부와 부동산 시장 질서 회복을 위한 업무 협약까지 체결했다.
국세청이 서울 강남 등 특정 지역의 초고가 주택 거래에 대한 전수 조사에 나선 것도, 국토부와의 업무 협약도 처음이다.
사상초유 강남벨트 30억 고가아파트 5천건 전수조사…104명 전격 세무조사
임 청장은 1일 오전 정부세종청사에서 김윤덕 국토교통부장관과 만나 ""주택시장 안정이라는 새 정부의 최우선 목표를 뒷받침하기 위해 양 기관의 협력이 그 어느 때보다 중요하고 절실하다""고 말했다.
이어 ""부동산 투기 등 시장 교란행위는 단순한 시세차익만 노리는 것 뿐 아니라 세금 회피를 위한 편법증여, 다운계약, 차명거래 등 다양한 탈세 수법이 이어진다""고 그는 덧붙였다.
부동산 탈세와 시장 교란 행위가 밀접하게 연결돼 있는 부분을 강조하면서, 최근 서울 한강벨트를 중심으로 아파트 값이 사상 최고치를 기록하고 있다고 지적했다. 실제 한국부동산원 자료를 보면 지난 9월 부동산 공급대책에도 서울과 강남지역의 아파트 매매가격 지수는 사상최고치를 기록하고 있다.
임 청장은 ""부동산 시장상황을 엄중히 인식하고 투기와 탈세행위가 더 이상 발 붙일수 없도록 행동으로 직접 나설것""이라며 ""서울 강남 벨트의 30억 원 이상 초고가 주택의 경우 작년부터 올해 상반기까지 총 5000여 건 거래 대상으로 전수 검증했다""고 밝혔다. 또 ""이 가운데 자금출처가 의심되는 탈세 혐의자 104명에 대해 강도 높은 세무조사에 착수하겠다""고 강조했다.
국세청이 이날 오후 공개한 104명의 부동산 투기 혐의자는 크게 4가지 유형이다. 하나는 30억 원 이상 초고가주택을 편법적으로 증여하거나, 소득을 누락한 자금으로 사들인 혐의다. 둘째는 자금 출처가 불분명한 외국인과 미성년자 등이다. 세째는 편법 증여 등을 통해 고액으로 전월세를 내면서 살고 있는 경우이고, 마지막으로 가장매매를 통해 부당하게 1세대 1주택 비과세를 받고 있는 경우다.
""부동산 투기와 탈세, 우리 사회의 불평등
·
박탈감 키워""
▲
편법 증여를 이용한 부동산 투기 혐의 사례
ⓒ 국세청
▲
편법증여를 통한 부동산 투기 혐의
ⓒ 국세청
예를 들어 A씨는 올해 초 서울 강남의 재건축이 예정된 고가아파트를 수십억 원을 주고 사들였다. A씨는 은행 대출을 최대 한도로 이용했고, 나머지 금액은 부모로부터 지원을 받은 것으로 알려졌다. A씨의 부모는 매년 수억 원의 수입을 올리는 고소득 전문직 종사자였다. 100억 원 대의 재산을 갖고 있으면서도, 자녀의 아파트 구입 자금에 증여가 의심됐지만, 세금을 따로 납부하지 않은 것으로 나타났다.
또 다른 20대 취업준비생 B씨는 소득이 전혀 없음에도 수십억 원 짜리 고가아파트를 사들였다. B씨 역시 부모로부터 아파트 구입 자금을 지원 받은 것으로 조사됐지만, 증여세가 납부된 사실이 없었다. B씨의 부모는 자녀가 아파트를 사들이기 직전에 자신의 주택과 해외 주식을 팔아 수십 억원의 차익을 올린 것으로 드러났다.
임 청장은 ""세무조사 발표 이후에도 시장질서를 훼손하는 불법 편법행위는 철저하게 찾아내 강력하게 대응할 것""이라며 ""신고가 거래취소, 허위 매물 등 시세조작 행위로 시장을 교란하고 막대한 불법 수익을 올리는 투기세력을 집중 검증할 것""이라고 말했다. 이밖에 서울 강남4구와 마용성(마포용산영등포) 등의 '똘똘한 한 채' 증여에 대해서도 세금 회피 여부 등을 따질 것이라고 했다.
그는 ""부동산 투기와 탈세는 우리 사회의 불평등과 박탈감을 키워 왔다""면서 ""국세청과 국토부는 부동산 시장의 불법과 탈세를 반드시 뿌리 뽑아 조세정의와 시장질서를 바로 세울 것""이라고 강조했다.
한편 국세청과 국토부는 부동산 시장의 감독 기능 강화를 위해 정례협의회를 갖고, 불법 행위 조사와 단속에 서로 협력하기로 했다. 이를 위해 국토부는 부동산 거래 동향과 이상 징후 등에 대한 정보를 국세청에 제공하기로 했다. 또 부동산 불법 행위 의심 사건에 대해 서로 신속하게 조사 및 단속에 나서며, 조치 결과를 공유하기로 했다.
김윤덕 장관은 ""주택공급 대책이 차질 없이 추진되기 위해서는 건전하고 투명한 시장 질서 확립이 필수적""이라며 ""국세청과 함께 국민이 신뢰할 수 있는 부동산 시장 조성에 최선을 다할 것""이라고 강조했다.
▲
임광현 국세청장(사진 오른쪽)과 김윤덕 국토교통부장관이 1일 양 기관 업무협약 간담회를 위해 정부 세종청사 회의실로 들어서고 있다.
ⓒ 국세청",부동산대책
오마이뉴스,"국토부·국세청,부동산탈세·편법 증여 조사·단속 업무협약",네이버뉴스,https://n.news.naver.com/mnews/article/047/0002490210?sid=101,,오마이뉴스,"임광현 국세청장, 부동산 투기와 전쟁…""30억이상 5천건 전수조사""","강남 등 한강벨트 초고가주택 104명 전격 세무조사… 국토부와 부동산 시장 감독 업무협약도 맺어
▲
임광현 국세청장
ⓒ 국세청
임광현 국세청장이 부동산 투기와의 전쟁에 나섰다. 서울 강남과 한강벨트의 초고가 주택 거래 5000여 건 모두에 대해 자금 출처 등을 조사했다. 이 가운데 탈세가 의심되는 104명에 대해 전격 세무조사에 착수했다. 또 국토교통부와 부동산 시장 질서 회복을 위한 업무 협약까지 체결했다.
국세청이 서울 강남 등 특정 지역의 초고가 주택 거래에 대한 전수 조사에 나선 것도, 국토부와의 업무 협약도 처음이다.
사상초유 강남벨트 30억 고가아파트 5천건 전수조사…104명 전격 세무조사
임 청장은 1일 오전 정부세종청사에서 김윤덕 국토교통부장관과 만나 ""주택시장 안정이라는 새 정부의 최우선 목표를 뒷받침하기 위해 양 기관의 협력이 그 어느 때보다 중요하고 절실하다""고 말했다.
이어 ""부동산 투기 등 시장 교란행위는 단순한 시세차익만 노리는 것 뿐 아니라 세금 회피를 위한 편법증여, 다운계약, 차명거래 등 다양한 탈세 수법이 이어진다""고 그는 덧붙였다.
부동산 탈세와 시장 교란 행위가 밀접하게 연결돼 있는 부분을 강조하면서, 최근 서울 한강벨트를 중심으로 아파트 값이 사상 최고치를 기록하고 있다고 지적했다. 실제 한국부동산원 자료를 보면 지난 9월 부동산 공급대책에도 서울과 강남지역의 아파트 매매가격 지수는 사상최고치를 기록하고 있다.
임 청장은 ""부동산 시장상황을 엄중히 인식하고 투기와 탈세행위가 더 이상 발 붙일수 없도록 행동으로 직접 나설것""이라며 ""서울 강남 벨트의 30억 원 이상 초고가 주택의 경우 작년부터 올해 상반기까지 총 5000여 건 거래 대상으로 전수 검증했다""고 밝혔다. 또 ""이 가운데 자금출처가 의심되는 탈세 혐의자 104명에 대해 강도 높은 세무조사에 착수하겠다""고 강조했다.
국세청이 이날 오후 공개한 104명의 부동산 투기 혐의자는 크게 4가지 유형이다. 하나는 30억 원 이상 초고가주택을 편법적으로 증여하거나, 소득을 누락한 자금으로 사들인 혐의다. 둘째는 자금 출처가 불분명한 외국인과 미성년자 등이다. 세째는 편법 증여 등을 통해 고액으로 전월세를 내면서 살고 있는 경우이고, 마지막으로 가장매매를 통해 부당하게 1세대 1주택 비과세를 받고 있는 경우다.
""부동산 투기와 탈세, 우리 사회의 불평등
·
박탈감 키워""
▲
편법 증여를 이용한 부동산 투기 혐의 사례
ⓒ 국세청
▲
편법증여를 통한 부동산 투기 혐의
ⓒ 국세청
예를 들어 A씨는 올해 초 서울 강남의 재건축이 예정된 고가아파트를 수십억 원을 주고 사들였다. A씨는 은행 대출을 최대 한도로 이용했고, 나머지 금액은 부모로부터 지원을 받은 것으로 알려졌다. A씨의 부모는 매년 수억 원의 수입을 올리는 고소득 전문직 종사자였다. 100억 원 대의 재산을 갖고 있으면서도, 자녀의 아파트 구입 자금에 증여가 의심됐지만, 세금을 따로 납부하지 않은 것으로 나타났다.
또 다른 20대 취업준비생 B씨는 소득이 전혀 없음에도 수십억 원 짜리 고가아파트를 사들였다. B씨 역시 부모로부터 아파트 구입 자금을 지원 받은 것으로 조사됐지만, 증여세가 납부된 사실이 없었다. B씨의 부모는 자녀가 아파트를 사들이기 직전에 자신의 주택과 해외 주식을 팔아 수십 억원의 차익을 올린 것으로 드러났다.
임 청장은 ""세무조사 발표 이후에도 시장질서를 훼손하는 불법 편법행위는 철저하게 찾아내 강력하게 대응할 것""이라며 ""신고가 거래취소, 허위 매물 등 시세조작 행위로 시장을 교란하고 막대한 불법 수익을 올리는 투기세력을 집중 검증할 것""이라고 말했다. 이밖에 서울 강남4구와 마용성(마포용산영등포) 등의 '똘똘한 한 채' 증여에 대해서도 세금 회피 여부 등을 따질 것이라고 했다.
그는 ""부동산 투기와 탈세는 우리 사회의 불평등과 박탈감을 키워 왔다""면서 ""국세청과 국토부는 부동산 시장의 불법과 탈세를 반드시 뿌리 뽑아 조세정의와 시장질서를 바로 세울 것""이라고 강조했다.
한편 국세청과 국토부는 부동산 시장의 감독 기능 강화를 위해 정례협의회를 갖고, 불법 행위 조사와 단속에 서로 협력하기로 했다. 이를 위해 국토부는 부동산 거래 동향과 이상 징후 등에 대한 정보를 국세청에 제공하기로 했다. 또 부동산 불법 행위 의심 사건에 대해 서로 신속하게 조사 및 단속에 나서며, 조치 결과를 공유하기로 했다.
김윤덕 장관은 ""주택공급 대책이 차질 없이 추진되기 위해서는 건전하고 투명한 시장 질서 확립이 필수적""이라며 ""국세청과 함께 국민이 신뢰할 수 있는 부동산 시장 조성에 최선을 다할 것""이라고 강조했다.
▲
임광현 국세청장(사진 오른쪽)과 김윤덕 국토교통부장관이 1일 양 기관 업무협약 간담회를 위해 정부 세종청사 회의실로 들어서고 있다.
ⓒ 국세청",부동산대책
뉴시스,"국토부-국세청, 업무협약 체결..부동산시장 감독 강화한다",네이버뉴스,https://n.news.naver.com/mnews/article/003/0013518079?sid=101,,뉴시스,"국토부·국세청, 부동산 탈세·편법 증여 조사·단속 업무협약","정례 협의로 이상거래 공유 및 공동대응
[서울=뉴시스] 김명원 기자 = 구윤철 경제부총리 겸 기획재정부 장관, 윤창렬 국무조정실장, 김윤덕 국토교통부 장관, 권대영 금융위 부위원장, 임광현 국세청장이 지난달 7일 오전 서울 종로구 정부서울청사에서 열린 부동산관계장관회의를 하는 모습. 2025.10.01. kmx1105@newsis.com
[서울=뉴시스]이연희 기자 = 국토교통부와 국세청이 부동산 시장의 이상거래를 방지하고 편법 증여와 세금탈루 등 불법행위에 신속하게 대응하기 위해 1일 업무협약(MOU)을 체결했다.
국토부와 국세청은 정례협의회를 개최해 기관별 조사·조치 결과를 공유하고 부동산 불법행위 조사·단속의 정확성과 효율성을 높일 수 있는 협력안을 논의할 예정이다.
양 부처는 불법행위가 의심돼 상대기관으로부터 통보받은 사건에 대해 신속하게 조사 및 단속에 나서기로 했다. 정례협의회를 통해 기관별 조치 결과를 공유한다.
국토부는 부동산 거래 동향, 이상징후 등 부동산 시장질서 확립 관련 정책 수립에 필요한 정보를 국세청에 제공할 예정이다. 양 기관은 조사 및 단속 과정에서 범정부 차원의 제도개선이 필요한 사항에 대해서는 적극 협력할 방침이다.
김윤덕 국토부 장관은 ""주택공급 대책이 차질 없이 추진되기 위해서는 건전하고 투명한 시장질서 확립이 필수적""이라며 ""국세청과 함께 국민이 신뢰할 수 있는 부동산 시장 조성에 최선을 다하겠다""고 말했다.
임광현 국세청장은 ""부동산 탈세에 신속하고 강력한 조치를 이어나가 초고가주택 거래, 연소자·외국인 등 총 104명에 대한 세무조사를 착수하겠다""며 ""시세조작 중개업소와 고가아파트 증여거래도 검증하겠다""고 밝혔다.",부동산대책
조세일보,"국토부·국세청,부동산시장 불법행위 공동대응…""104명 세무조사""",네이버뉴스,https://n.news.naver.com/mnews/article/123/0002369280?sid=101,,조세일보,"국토부-국세청, 업무협약 체결.. 부동산 시장 감독 강화한다","국토부-국세청간 정례협의회 통해 부처간 칸막이 해소
부동산 시장 거래 동향, 의심사례 및 기관별 조치 결과 공유
김윤덕 국토부 장관 ""부동산공급 대책 위해 투명한 시장질서 확립 필수""
임광현 국세청장 ""앞으로 시세조작 중개업소와 고가 아파트 증여거래도 검증""
◆…김윤덕 국토교통부 장관(왼쪽)과 임광현 국세청장이 업무협약식에서 악수를 하고 있다.
국토교통부(장관 김윤덕)와 국세청(청장 임광현)은 부처간 협업을 통해 부동산 시장의 이상거래를 방지하고, 편법 증여와 세금탈루 등 불법행위에 신속하게 대응하기 위해 1일 세종정부청사에서 업무협약(MOU)을 체결했다.
이번 업무협약은 지난달 7일 발표된 '주택공급 확대방안'의 후속조치 중 하나로, 부처간 협업을 통해 부동산 시장의 감독 기능을 강화하기 위해 마련됐다.
앞으로 양 기관은 협약을 바탕으로 정례협의회를 개최해 기관별 조사·조치 결과를 공유하고, 부동산 불법행위 조사·단속의 정확성과 효율성을 높일 수 있는 협력방안을 논의하게 된다. 국세청은 양 기관의 긴밀한 협력을 바탕으로 불법행위에 대해 보다 신속하고 효과적인 대응이 가능할 것으로 기대했다.
양 기관은 이번 협약을 통해 불법행위가 의심되어 상대기관으로부터 통보받은 사건에 대해서는 신속하게 조사 및 단속 등을 조치하기로 했다. 또 기관별 조치 결과를 정례협의회를 통해 공유하며, 조사의 정확도와 효율성을 제고하기 위해 필요한 사항에 대해 적극 협력하기로 했다.
아울러 국토교통부는 부동산 거래 동향, 이상징후 등 부동산 시장질서 확립 관련 정책 수립에 필요한 정보를 국세청에 제공하기로 했다. 이 밖에 양 기관은 조사 및 단속 과정에서 확인되는 범정부 차원의 제도개선 필요사항에 적극 협력하기로 했다.
김윤덕 국토교통부 장관은 ""이번 협약을 통해 부동산 시장 질서 확립을 위한 국토부와 국세청 간 긴밀한 협력 체계를 구축하게 되었다""며 ""주택공급 대책이 차질 없이 추진되기 위해서는 건전하고 투명한 시장질서 확립이 필수적인 만큼, 국세청과 함께 국민이 신뢰할 수 있는 부동산 시장 조성에 최선을 다하겠다""고 강조했다.
임광현 국세청장은 ""주택시장 안정이라는 새 정부의 최우선 목표를 위해 양 기관의 협력이 중요하고 절실하다""며 ""오늘 협약을 발판으로 탈세차단과 시장질서 회복이라는 실질적 성과를 내겠다""고 강조했다.
이어 ""부동산 탈세에 신속하고 강력한 조치를 이어나가 초고가주택 거래, 연소자·외국인 등 총 104명에 대한 세무조사를 착수하겠다""라며 ""앞으로 시세조작 중개업소와 고가 아파트 증여거래도 검증하겠다""고 밝혔다.
◆…(국세청 제공)",부동산대책
뉴시스,"국토부-국세청,부동산시장 거래질서 확립 위해 협업",네이버뉴스,https://n.news.naver.com/mnews/article/003/0013518106?sid=101,,뉴시스,"국토부·국세청, 부동산 시장 불법행위 공동대응…""104명 세무조사""","부동산 시장 거래질서 확립 위한 업무협약 체결
정례협의회 개최…불법행위 의심되면 신속 조사
""초고가주택, 연소자·외국인 등 104명 세무조사""
김윤덕 국토교통부 장관과 임광현 국세청장이 1일 부동산 시장 거래질서 확립을 위한 업무협약(MOU)을 체결한 뒤 악수하고 있다.(사진 : 국세청 제공)  *재판매 및 DB 금지
[세종=뉴시스] 안호균 기자 = 국토교통부와 국세청이 부동산 시장 이상 거래를 방지하고 편법 증여, 세금 탈루에 신속하게 대응하기 위해 공조를 강화한다.
김윤덕 국토교통부 장관과 임광현 국세청장은 1일 부동산 시장 거래질서 확립을 위한 업무협약(MOU)를 체결했다. 이번 업무협약은 부처간 협업을 통해 부동산 시장의 감독 기능을 강화하자는 취지다.
두 기관은 이번 협약을 바탕으로 정례협의회를 개최해 기관별 조사·조치 결과를 공유하고, 부동산 불법행위 조사·단속의 정확성과 효율성을 높일 수 있는 협력 방안을 논의하게 된다.
먼저 불법 행위가 의심돼 상대기관으로부터 통보받은 사건에 대해서는 신속하게 조사 및 단속 등 조치하기로 했다.
국토부는 부동산 거래 동향, 이상징후 등 부동산 시장질서 확립 관련 정책 수립에 필요한 정보를 국세청에 제공한다.
두 기관은 조사·단속 과정에서 확인되는 범정부 차원의 제도개선 필요사항에도 적극 협력하기로 했다.
김윤덕 장관은 ""이번 협약을 통해 부동산 시장 질서 확립을 위한 국토부와 국세청 간 긴밀한 협력 체계를 구축하게 됐다""며 ""주택공급 대책이 차질 없이 추진되기 위해서는 건전하고 투명한 시장질서 확립이 필수적인 만큼, 국세청과 함께 국민이 신뢰할 수 있는 부동산 시장 조성에 최선을 다하겠다""고 강조했다.
임광현 청장은 ""주택시장 안정이라는 새 정부의 최우선 목표를 위해 양 기관의 협력이 중요하고 절실하다""며 ""오늘 협약을 발판으로 탈세차단과 시장질서 회복이라는 실질적 성과를 내겠다""고 강조했다.
또 ""부동산 탈세에 신속하고 강력한 조치를 이어나가 초고가주택 거래, 연소자·외국인 등 총 104명에 대한 세무조사를 착수하겠다""며 ""앞으로 시세조작 중개업소와 고가 아파트 증여거래도 검증하겠다""고 밝혔다.
김윤덕 국토교통부 장관과 임광현 국세청장이 1일 부동산 시장 거래질서 확립을 위한 업무협약(MOU)을 체결한 뒤 기념촬영을 하고 있다.(사진 : 국세청 제공)  *재판매 및 DB 금지",부동산대책
뉴시스,'지방부동산살리기'에도 악성 미분양 두 달째 증가,네이버뉴스,https://n.news.naver.com/mnews/article/003/0013516849?sid=101,,뉴시스,'지방 부동산 살리기'에도 악성 미분양 두 달째 증가,"미분양 주택 6만6613채, 전월비 7% 증가
악성 미분양 두 달 연속 증가…2만7584채
지방 악성 미분양 84%…경상권 1만채 넘어
대구의 한 아파트에 할인분양 관련 현수막이 붙어있다. 뉴시스 자료사진.
[서울=뉴시스] 홍세희 기자 = 정부의 지방 건설경기 보완 대책에도 미분양 주택이 좀처럼 줄지 않고 있다.
악성 미분양으로 불리는 준공 후 미분양 주택은 두 달 연속 증가했다. 준공 후 미분양 주택은 지방에 84%가 쌓여 있는 상황이다.
1일 국토교통부가 발표한 주택 통계에 따르면 8월 말 기준 전국 미분양 주택은 전월 대비 7.0% 증가한 6만6613채로 나타났다.
특히 다 짓고도 팔리지 않은 준공 후 미분양 주택은 전월 대비 1.9% 늘어난 2만7584채로 집계됐다. 준공 후 미분양 주택은 두 달 연속 증가세를 보이고 있다.
부동산 시장 침체가 이어지면서 준공 후 미분양 주택은 2014년 이후 약 10년 만에 2만채를 넘어섰다. 지난해 12월 2만1480채로, 2014년 7월 이후 처음으로 2만채를 돌파한 뒤 올해 8월 2만7584채까지 늘었다.
악성 미분양의 84%는 지방에 쌓여 있다. 지방 준공 후 미분양 주택은 2만3147채다.
지역별로는 경상권에 미분양 주택이 가장 많다. 대구(3702채)와 경남(3314채), 경북(3237채) 등 경상권에만 1만채가 넘는 물량이 쌓여 있다.
미분양 주택이 많은 지역은 청약 시장에서도 고전을 면치 못하고 있다.
한국부동산원 청약홈에 따르면 올해 대구에서는 7개 아파트가 분양에 나섰지만, 1순위에서 전타입 마감된 단지는 '대구 범어 2차 아이파크' 단 한 곳에 그쳤다.
경남에서 청약을 접수한 8개 단지도 모두 청약 접수자가 적어 미달됐고, 경북에서도 미달 단지가 속출했다.
지방 건설경기 침체로 중견·중소 건설사의 줄도산이 현실화하고, 내수 경기에도 악영향을 미치자 정부는 지방 건설경기 회복을 위한 다양한 지원책을 내놓고 있다.
정부는 8·14 '지방중심 건설투자 보강 방안'을 통해 인구감소지역을 중심으로 주택 구입에 대한 세 부담을 완화하고, 임대주택에 대한 세제 지원도 강화하기로 했다. 또 공사비 현실화, 자재 수급 안정, 숙련인력 확충, 스마트 건설 기술 지원 등을 통해 건설업계의 비용·인력 부담을 완화하고 경쟁력을 강화하는 대책도 마련했다.
그러나 업계에서는 이같은 정부의 대책에도 지방 주택 시장 침체가 이어지고 있는 만큼 지역별 양극화를 해소하기 위한 종합적인 대책 마련이 필요하다고 강조한다.
한국건설산업연구원은 최근 발표한 보고서에서 ""주택시장에서 수도권과 비수도권간 온도차가 뚜렷하고, 가격과 거래, 미분양, 입주 물량 등 핵심 지표에서 구조적 괴리가 지속되고 있다""며 ""중장기적으로 수도권 핵심지와 비수도권 거점의 동시 다핵화 전략, 지역 맞춤형 정비·재생·공공임대 재고 확충, 차등적 금융·세제 설계를 포괄한 종합 패키지가 필요하다""고 밝혔다．",부동산대책
뉴시스,"부동산경기 한파에 강원지역 악성 미분양 1,000가구 넘어",네이버뉴스,https://n.news.naver.com/mnews/article/003/0013516849?sid=101,,뉴시스,'지방 부동산 살리기'에도 악성 미분양 두 달째 증가,"미분양 주택 6만6613채, 전월비 7% 증가
악성 미분양 두 달 연속 증가…2만7584채
지방 악성 미분양 84%…경상권 1만채 넘어
대구의 한 아파트에 할인분양 관련 현수막이 붙어있다. 뉴시스 자료사진.
[서울=뉴시스] 홍세희 기자 = 정부의 지방 건설경기 보완 대책에도 미분양 주택이 좀처럼 줄지 않고 있다.
악성 미분양으로 불리는 준공 후 미분양 주택은 두 달 연속 증가했다. 준공 후 미분양 주택은 지방에 84%가 쌓여 있는 상황이다.
1일 국토교통부가 발표한 주택 통계에 따르면 8월 말 기준 전국 미분양 주택은 전월 대비 7.0% 증가한 6만6613채로 나타났다.
특히 다 짓고도 팔리지 않은 준공 후 미분양 주택은 전월 대비 1.9% 늘어난 2만7584채로 집계됐다. 준공 후 미분양 주택은 두 달 연속 증가세를 보이고 있다.
부동산 시장 침체가 이어지면서 준공 후 미분양 주택은 2014년 이후 약 10년 만에 2만채를 넘어섰다. 지난해 12월 2만1480채로, 2014년 7월 이후 처음으로 2만채를 돌파한 뒤 올해 8월 2만7584채까지 늘었다.
악성 미분양의 84%는 지방에 쌓여 있다. 지방 준공 후 미분양 주택은 2만3147채다.
지역별로는 경상권에 미분양 주택이 가장 많다. 대구(3702채)와 경남(3314채), 경북(3237채) 등 경상권에만 1만채가 넘는 물량이 쌓여 있다.
미분양 주택이 많은 지역은 청약 시장에서도 고전을 면치 못하고 있다.
한국부동산원 청약홈에 따르면 올해 대구에서는 7개 아파트가 분양에 나섰지만, 1순위에서 전타입 마감된 단지는 '대구 범어 2차 아이파크' 단 한 곳에 그쳤다.
경남에서 청약을 접수한 8개 단지도 모두 청약 접수자가 적어 미달됐고, 경북에서도 미달 단지가 속출했다.
지방 건설경기 침체로 중견·중소 건설사의 줄도산이 현실화하고, 내수 경기에도 악영향을 미치자 정부는 지방 건설경기 회복을 위한 다양한 지원책을 내놓고 있다.
정부는 8·14 '지방중심 건설투자 보강 방안'을 통해 인구감소지역을 중심으로 주택 구입에 대한 세 부담을 완화하고, 임대주택에 대한 세제 지원도 강화하기로 했다. 또 공사비 현실화, 자재 수급 안정, 숙련인력 확충, 스마트 건설 기술 지원 등을 통해 건설업계의 비용·인력 부담을 완화하고 경쟁력을 강화하는 대책도 마련했다.
그러나 업계에서는 이같은 정부의 대책에도 지방 주택 시장 침체가 이어지고 있는 만큼 지역별 양극화를 해소하기 위한 종합적인 대책 마련이 필요하다고 강조한다.
한국건설산업연구원은 최근 발표한 보고서에서 ""주택시장에서 수도권과 비수도권간 온도차가 뚜렷하고, 가격과 거래, 미분양, 입주 물량 등 핵심 지표에서 구조적 괴리가 지속되고 있다""며 ""중장기적으로 수도권 핵심지와 비수도권 거점의 동시 다핵화 전략, 지역 맞춤형 정비·재생·공공임대 재고 확충, 차등적 금융·세제 설계를 포괄한 종합 패키지가 필요하다""고 밝혔다．",부동산대책
강원일보,악성 미분양 또 증가…지방부동산‘악화일로’,네이버뉴스,https://n.news.naver.com/mnews/article/087/0001146512?sid=101,,강원일보,"부동산경기 한파에 강원지역 악성 미분양 1,000가구 넘어","국토교통부 ‘2025년 8월 주택통계’
도내 악성 미분양 1,023가구 한달새 21% 껑충
악성 미분양 1,000가구 넘어선 것은 4년 6개월만
강원일보db
부동산경기 한파에 강원지역 악성 미분양 물량이 4년6개월 만에 1,000가구를 넘겼다. 준공후에도 분양되지 않은 악성 미분양 물량이 1,000세대를 넘긴 것은 2021년 2월 이후 5년 만이다.
국토교통부가 지난 30일 발표한 ‘2025년 8월 주택통계’에 따르면 지난 8월 기준 도내 준공 후 미분양 주택, 일명 악성 미분양 주택은 1,023가구로 한달 만에 21.1%(178가구) 늘었다. 악성 미분양 증가폭은 전국에서 전북(42.7%) 다음으로 가장 컸다.
악성 미분양 주택이 1,000가구를 넘어선 것은 2021년 2월(1,052가구) 이후 거의 5년 만이다. 준공 후 미분양 주택은 지난 7월 감소세로 전환되는 듯 했으나 1개월만에 다시 증가했다. 지방 부동산 경기 침체가 장기화 되면서 주택을 지어 놓고도 팔리지 않은 것이다. 이처럼 악성미분양이 크게 늘면서 지역 건설사의 현금흐름 악화도 심화되고 있는 상황이다.
여기에 6·27 대책 여파로 주택 매매거래도 전월대비 10% 넘게 줄었다. 같은 기간 도내 주택 매매거래량은 지난 7월보다 12.8% 감소한 1,693가구였다. 또 지난해보다는 22.8% 급감한 것으로 나타났다. 전월세 거래량도 전달보다 13.4% 줄어드는 등 거래 위축이 이어지고 있다.
­정부가 인구감소지역 세컨드홈 세제지원 확대, 악성 미분양 주택 취득 시 세부담 완화 등의 내용이 담긴 8.14 ‘지방중심 건설투자 보강방안’을 비롯해 미분양 해소 및 수요 진작을 위한 정책을 잇따라 발표했지만 지방 시장의 반응은 미지근한 상황이다.
이동환 한국부동산원 춘천지사장은 “6·27 규제 여파로 대출이 힘들어지다 보니 거래가 줄어든 것으로 보인다. 또 강원지역은 미분양 적체 현상이 지속되고 있는 상황이라 당분간 거래 위축 기조가 이어지고, 시세는 약보합세를 유지할 것으로 예상된다”고 말했다.",부동산대책
뉴스토마토,'악성 미분양' 아파트 매입 실적 전무…건설사 말라가는데대책'백약이...,,,,,,,부동산대책
세계일보,안 잡히는 집값에… “잘못한다” 44% [여론조사],네이버뉴스,https://n.news.naver.com/mnews/article/022/0004072656?sid=101,,세계일보,안 잡히는 집값에… “잘못한다” 44% [여론조사],"李정부 부동산 정책 평가
긍정 평가 36% 그쳐 부동산 민심 이반
부정 여론 대구·경북·서울 順으로 높아
6·27, 9·7 대책에도 서울 집값 상승세
“대출 규제에 서울 중산층·강북 직격탄”
20대 청년층서 부정 평가는 50% 넘어
가계부채 관리 강화를 골자로 한 6·27 대책과 주택 공급 확대를 내세운 9·7 대책 등 이재명정부의 부동산 정책에 대해선 부정적인 여론이 긍정 평가보다 우세한 것으로 나타났다.
1일 세계일보가 한국갤럽에 의뢰한 여론조사에 따르면 현 정부의 부동산 정책 평가에 대한 질문에 응답자의 44%가 부정적인 평가(잘못하고 있다 19%, 매우 잘못하고 있다 25%)를 내렸다. 긍정적으로 평가(잘하고 있다 28%, 매우 잘하고 있다 8%)한 응답은 36%였고, ‘모름·응답거절’이 20%로 집계됐다.
서울 남산에서 주택 및 아파트 단지가 보이고 있다. 뉴스1
지역별로 보면 대전·세종·충청과 광주·전라를 제외한 모든 지역에서 부정 평가가 긍정 평가를 앞질렀다. 대구·경북은 ‘잘못하고 있다’가 19%, ‘매우 잘못하고 있다’는 응답이 39%로 전국에서 부정 평가가 가장 높은 반면, ‘잘하고 있다’와 ‘매우 잘하고 있다’는 각각 21%, 5%에 그쳤다.
부정 평가가 대구·경북에 이어 가장 높은 곳은 서울이었다. 서울에서는 응답자의 32%가 현 정부의 부동산 정책에 대해 ‘매우 잘못하고 있다’고 답했는데, 인근 인천·경기(21%)보다 10%포인트 이상 높은 수치다. 수도권 중에서도 올해 유독 서울 집값이 가파르게 오르면서 이에 따른 부동산 민심 이반 현상이 나타난 것으로 보인다.
실제로 정부가 6·27 대책으로 대출 문턱을 높인 데 이어 2030년까지 수도권에 135만가구에 달하는 주택을 공급하는 내용의 9·7 대책을 발표했음에도 서울은 부동산 상승세가 잡히지 않는 모양새다. 한국부동산원의 주간 아파트가격동향에 따르면 지난주 서울 아파트 매매가격은 0.19% 올라 전주 대비 상승폭이 0.07% 커졌다. 이로써 서울 아파트값 상승폭은 3주 연속 확대됐다.
연령별로 보면 40대에서 긍정 평가가 45%로 가장 많았고, 50대가 43%, 30대 42%, 60대 33% 등의 순이었다. 이재명정부의 부동산 정책에 가장 나쁜 성적표를 매긴 쪽은 20대 청년층이었다. 18∼29세 응답자는 ‘잘못하고 있다’ 31%, ‘매우 잘못하고 있다’ 26%로 집계돼 모든 연령층 중 유일하게 부정 평가가 50%를 넘겼다.
지지 정당별로 보면 더불어민주당 지지자는 ‘잘하고 있다’는 응답이 46%, ‘매우 잘하고 있다’가 15%로 긍정 평가(61%)가 주를 이뤘다. 반면 국민의힘 지지자는 ‘잘못하고 있다’ 22%, ‘매우 잘못하고 있다’ 57%로 부정적인 평가가 80%에 육박했다.
권대중 한성대 부동산대학원 석좌교수는 “이재명정부의 대출 규제는 수도권 주택담보대출을 6억원으로 제한하는 등 서울의 중산층과 강북 지역이 직격탄을 맞게 된 경향이 있다”며 “최근 서울 아파트값이 많이 올랐고 그 와중에 강남 인기지역과 강북 비인기지역 간 격차가 벌어진 것도 서울에서 부동산 정책에 대한 반발이 커진 이유”라고 분석했다. 젊은층에서 부정 평가 비율이 높은 이유에 대해선 “40∼50대는 이미 집을 산 사람도 있고, 못 산 사람은 포기한 경우도 많은 데 비해 젊은층은 집값 상승세에 더 민감하게 반응할 수밖에 없다”고 설명했다.
이번 조사는 9월29일부터 30일까지 이틀 동안 전국 만 18세 이상 남녀 1010명을 대상으로 무선 전화 인터뷰 방식으로 진행했다. 표본오차는 95% 신뢰수준에서 ±3.1%포인트, 응답률은 9.9%다. 더 자세한 내용은 중앙선거여론조사심의위원회 홈페이지를 참조하면 된다.",부동산대책
헤럴드경제,"오세훈 “민간임대사업자, 대출·세제 풀어줘야”(종합) [부동산360]",네이버뉴스,https://n.news.naver.com/mnews/article/016/0002537720?sid=101,,헤럴드경제,"오세훈 “민간임대사업자, 대출·세제 풀어줘야”(종합) [부동산360]","서울시, 등록민간 임대주택 활성화 방안 발표
오세훈 시장 “임대사업자 죄악시 말고 인센티브 줘야”
종부세·양도세 등 조정 건의, 오피스텔 접도 조건 규제 완화
서울주택진흥기금으로 기업형임대 리츠 출자 등 금융지원
오세훈 서울시장이 1일 오전 서울 중구 서울시청에서 등록 민간임대주택 활성화 방안을 발표하고 있다. 서울시는 이날 민간임대주택의 공급 절벽을 해소하고자 건축 규제를 완화하고 금융 지원을 확대하는 등록 민간임대주택 활성화 방안을 발표했다. 임세준 기자
[헤럴드경제=박로명·서정은 기자] 서울시가 민간임대주택 시장 활성화를 위해 주택임대사업자에 대한 대출 제한(LTV 0%) 완화, 종부세·양도세 등 각종 세제 조정을 추진한다. 이밖에 서울주택진흥기금을 통한 민간임대리츠 지원, 건축규제 완화 등도 병행해 공급절벽 문제를 조속히 해소하겠다는 방침이다.
오세훈 서울시장은 1일 “서울시는 민간임대규제와의 전쟁에 나서겠다”며 “비아파트에 양질의 투자가 이뤄지도록 하고, 민간임대를 통해 주택공급의 숨통을 틔워 무너진 시장을 되살리겠다”고 밝혔다. 오 시장은 구체적인 민간임대주택 공급 목표치를 제시하지 않은 것에 대해서는 “정부가 얼마나 도와주냐에 달렸다”며 정부에 공식적으로 공을 넘겼다.
서울시는 이날 ▷금융지원 ▷건축규제 완화 ▷임대인·임차인 행정지원 ▷제도 개선을 위한 정부 건의 등을 골자로 하는 ‘서울시 등록 민간 임대주택 활성화 방안’을 발표했다. 서울시는 이번 대책을 통해 시민들의 주거비 부담을 완화하고, 전월세 시장의 안정화를 꾀하겠다는 계획이다.
주택임대사업자 LTV 0% 완화 건의…“현 정부 여러채 집있으면 죄악시해”
서울시는 우선 민간임대주택 사업자에 적용되는 각종 금융 규제를 완화해 유동성 지원을 추진하겠다는 방침이다. 서울시는 지난 9월엔 민간임대사업자 어려움 중 하나인 보증보험 가입 기준 완화를 정부에 요청했다. 여기에 추가로 담보인정비율(LTV) 완화와 과거 축소된 장기임대에 따른 종부세·양도세 등 세제혜택의 합리적인 조정을 건의 예정이다. 정부는 9·7 부동산 공급대책에서 주택임대사업자 대출 LTV를 0%로 제한해 사실상 대출을 봉쇄한 바 있다.
오 시장은 대출규제에 대해서는 “일반 다주택자와 민간 임대사업자를 구분하지 않은 조치로 이대로라면 민간 임대시장이 심각하게 위축될 것”이라며 “서울시만의 노력으로는 한계가 있어 제도개선 건의를 통해 서울 시민들이 양질의 임대주택에서 일상을 보낼 수 있도록 할 것”이라고 말했다.
오 시장은 이어 “지금 정부는 (주택을) 여러채 가지고 있는 사람들을 죄악시하고, 사업자와 구분도 하지 않는다”며 “임대사업자들에 대해 각종 인센티브를 주면서 많이 짓도록 유도해야 주택을 많이 짓지 않겠느냐”고 강조했다.
기업형 민간임대사업자의 시장 참여 확대를 위한 금융지원도 강화한다. 최근 정부의 민간임대주택 주택도시기금 출자비율 감소분(14%→11%)만큼 서울주택진흥기금으로 민간임대리츠에 지원해 초기출자금 부담을 줄인다. 또 민간임대리츠 대출이자 중 2%를 지원해 안정적 운영을 유도할 방침이다.
서울시내 빌라촌의 모습. [이상섭 기자]
오피스텔 접도 조건 완화, 건축가능 부지 확대…인허가 기간 축소 앞당긴다
서울시는 민간 임대사업자가 실질적으로 체감할 수 있는 건축 규제를 풀어 주택 공급 환경을 개선할 계획이다. 소규모 오피스텔의 접도 조건을 기존 20m에서 12m로 완화해 건축 가능 부지를 확대한다. 가령 간선변에서만 가능하던 오피스텔 건축이 보조간선변까지 늘리는 것으로 내년 1월부터 적용된다. 오피스텔 건축 시 건축위원회 심의 대상을 ‘30실 이상’에서 ‘50실 이상’으로 축소해 31실~49실 중소규모 오피스텔도 심의 없이 빠르게 건축할 수 있도록 한다.
이와 함께 ‘신속인허가협의체’도 구성·운영한다. 자치구별 재량범위가 달라 발생하던 인허가 분쟁을 줄여 사업자 부담을 덜고 행정 절차 병행 추진으로 인허가 기간 자체를 줄이는 역할이다. 건축계획 사전검토제를 도입해 지구단위계획 변경 절차와 건축인허가 절차를 중첩 적용하고, 해체·굴토·구조 심의를 병행 진행하는 방식이다.
서울 남산에서 내려다 본 아파트와 주택의 모습. [이상섭 기자]
전세사기로 비아파트 기피…‘AI 전세사기 위험 분석 리포트’ 제공
아울러 비아파트 시장 위축의 원인이 되는 전세 사기 예방에도 앞장선다. 임차인이 전세 계약 전에 주택과 집주인에 대한 위험도를 확인하고, 안전한 계약을 진행할 수 있도록 인공지능(AI) 전세 사기 위험분석 리포트를 제공한다.
서비스는 오는 10월 말 선보일 예정이다. 계약 예정 주택의 주소만 입력하면 등기부등본, 보증보험 가입 가능 여부 등 총 13개 항목의 정보를 확인할 수 있다. 임대인이 개인정보 제공 동의시 임대인의 총부채원리금상환비율(DSR), 채무불이행 현황 등 11개 항목의 정보를 추가로 확인할 수 있다.
민간 임대사업자에 대한 관리와 지원도 나선다. 지난 8월 발간한 ‘민간임대 업무편람’에 이어 임대 가이드라인 제정, 민관협의회 정례 운영 등을 통해 임대인과 임차인 간 불필요한 분쟁을 예방하는 것이 목적이다.
오세훈 서울시장이 1일 오전 서울 중구 서울시청에서 등록 민간임대주택 활성화 방안을 발표하고 있다. 서울시는 이날 민간임대주택의 공급 절벽을 해소하고자 건축 규제를 완화하고 금융 지원을 확대하는 등록 민간임대주택 활성화 방안을 발표했다.  임세준 기자
정부 혜택 축소로 신규 사업자 93%↓…착공물량도 급감
민간임대주택은 임대료 증액을 5% 이내로 제한하고 있으며, 보증보험 가입이 의무화돼 있다. 최소 6년에서 최대 10년에 이르는 임대기간 동안 갱신 거절도 불가해 임차인들이 안정적으로 거주할 수 있다는 장점이 있다.
현재 서울의 등록 민간임대주택은 총 41만6000가구로 전체 임차주택 시장의 20%를 차지한다. 유형별로는 다세대·다가구, 오피스텔, 도시형생활주택 등 비아파트가 80% 이상이다. 민간임대사업자는 9만8000명에 이른다.
이처럼 민간임대주택이 주택공급의 한 축을 담당하고 있지만 세제 혜택 축소, 단·장기 아파트 임대 폐지 등 정부의 잦은 정책 변경으로 급격히 위축됐다. 신규 민간 임대사업자수는 2018년 3만명에서 지난해 2000명으로 93% 감소했다. 뒤이어 2022년 ‘빌라왕 사건’까지 터지면서 비아파트 기피가 심화돼 신규 공급에 빨간불이 켜졌다. 비아파트 반기별 착공 물량은 2015년 3만6000가구에서 지난해 2000가구로 급감했다.",부동산대책
헤럴드경제,"오세훈, 좌파 정부부동산규제 저격 ""공급절벽 자초한 정부 … 임대사...",네이버뉴스,https://n.news.naver.com/mnews/article/016/0002537720?sid=101,,헤럴드경제,"오세훈 “민간임대사업자, 대출·세제 풀어줘야”(종합) [부동산360]","서울시, 등록민간 임대주택 활성화 방안 발표
오세훈 시장 “임대사업자 죄악시 말고 인센티브 줘야”
종부세·양도세 등 조정 건의, 오피스텔 접도 조건 규제 완화
서울주택진흥기금으로 기업형임대 리츠 출자 등 금융지원
오세훈 서울시장이 1일 오전 서울 중구 서울시청에서 등록 민간임대주택 활성화 방안을 발표하고 있다. 서울시는 이날 민간임대주택의 공급 절벽을 해소하고자 건축 규제를 완화하고 금융 지원을 확대하는 등록 민간임대주택 활성화 방안을 발표했다. 임세준 기자
[헤럴드경제=박로명·서정은 기자] 서울시가 민간임대주택 시장 활성화를 위해 주택임대사업자에 대한 대출 제한(LTV 0%) 완화, 종부세·양도세 등 각종 세제 조정을 추진한다. 이밖에 서울주택진흥기금을 통한 민간임대리츠 지원, 건축규제 완화 등도 병행해 공급절벽 문제를 조속히 해소하겠다는 방침이다.
오세훈 서울시장은 1일 “서울시는 민간임대규제와의 전쟁에 나서겠다”며 “비아파트에 양질의 투자가 이뤄지도록 하고, 민간임대를 통해 주택공급의 숨통을 틔워 무너진 시장을 되살리겠다”고 밝혔다. 오 시장은 구체적인 민간임대주택 공급 목표치를 제시하지 않은 것에 대해서는 “정부가 얼마나 도와주냐에 달렸다”며 정부에 공식적으로 공을 넘겼다.
서울시는 이날 ▷금융지원 ▷건축규제 완화 ▷임대인·임차인 행정지원 ▷제도 개선을 위한 정부 건의 등을 골자로 하는 ‘서울시 등록 민간 임대주택 활성화 방안’을 발표했다. 서울시는 이번 대책을 통해 시민들의 주거비 부담을 완화하고, 전월세 시장의 안정화를 꾀하겠다는 계획이다.
주택임대사업자 LTV 0% 완화 건의…“현 정부 여러채 집있으면 죄악시해”
서울시는 우선 민간임대주택 사업자에 적용되는 각종 금융 규제를 완화해 유동성 지원을 추진하겠다는 방침이다. 서울시는 지난 9월엔 민간임대사업자 어려움 중 하나인 보증보험 가입 기준 완화를 정부에 요청했다. 여기에 추가로 담보인정비율(LTV) 완화와 과거 축소된 장기임대에 따른 종부세·양도세 등 세제혜택의 합리적인 조정을 건의 예정이다. 정부는 9·7 부동산 공급대책에서 주택임대사업자 대출 LTV를 0%로 제한해 사실상 대출을 봉쇄한 바 있다.
오 시장은 대출규제에 대해서는 “일반 다주택자와 민간 임대사업자를 구분하지 않은 조치로 이대로라면 민간 임대시장이 심각하게 위축될 것”이라며 “서울시만의 노력으로는 한계가 있어 제도개선 건의를 통해 서울 시민들이 양질의 임대주택에서 일상을 보낼 수 있도록 할 것”이라고 말했다.
오 시장은 이어 “지금 정부는 (주택을) 여러채 가지고 있는 사람들을 죄악시하고, 사업자와 구분도 하지 않는다”며 “임대사업자들에 대해 각종 인센티브를 주면서 많이 짓도록 유도해야 주택을 많이 짓지 않겠느냐”고 강조했다.
기업형 민간임대사업자의 시장 참여 확대를 위한 금융지원도 강화한다. 최근 정부의 민간임대주택 주택도시기금 출자비율 감소분(14%→11%)만큼 서울주택진흥기금으로 민간임대리츠에 지원해 초기출자금 부담을 줄인다. 또 민간임대리츠 대출이자 중 2%를 지원해 안정적 운영을 유도할 방침이다.
서울시내 빌라촌의 모습. [이상섭 기자]
오피스텔 접도 조건 완화, 건축가능 부지 확대…인허가 기간 축소 앞당긴다
서울시는 민간 임대사업자가 실질적으로 체감할 수 있는 건축 규제를 풀어 주택 공급 환경을 개선할 계획이다. 소규모 오피스텔의 접도 조건을 기존 20m에서 12m로 완화해 건축 가능 부지를 확대한다. 가령 간선변에서만 가능하던 오피스텔 건축이 보조간선변까지 늘리는 것으로 내년 1월부터 적용된다. 오피스텔 건축 시 건축위원회 심의 대상을 ‘30실 이상’에서 ‘50실 이상’으로 축소해 31실~49실 중소규모 오피스텔도 심의 없이 빠르게 건축할 수 있도록 한다.
이와 함께 ‘신속인허가협의체’도 구성·운영한다. 자치구별 재량범위가 달라 발생하던 인허가 분쟁을 줄여 사업자 부담을 덜고 행정 절차 병행 추진으로 인허가 기간 자체를 줄이는 역할이다. 건축계획 사전검토제를 도입해 지구단위계획 변경 절차와 건축인허가 절차를 중첩 적용하고, 해체·굴토·구조 심의를 병행 진행하는 방식이다.
서울 남산에서 내려다 본 아파트와 주택의 모습. [이상섭 기자]
전세사기로 비아파트 기피…‘AI 전세사기 위험 분석 리포트’ 제공
아울러 비아파트 시장 위축의 원인이 되는 전세 사기 예방에도 앞장선다. 임차인이 전세 계약 전에 주택과 집주인에 대한 위험도를 확인하고, 안전한 계약을 진행할 수 있도록 인공지능(AI) 전세 사기 위험분석 리포트를 제공한다.
서비스는 오는 10월 말 선보일 예정이다. 계약 예정 주택의 주소만 입력하면 등기부등본, 보증보험 가입 가능 여부 등 총 13개 항목의 정보를 확인할 수 있다. 임대인이 개인정보 제공 동의시 임대인의 총부채원리금상환비율(DSR), 채무불이행 현황 등 11개 항목의 정보를 추가로 확인할 수 있다.
민간 임대사업자에 대한 관리와 지원도 나선다. 지난 8월 발간한 ‘민간임대 업무편람’에 이어 임대 가이드라인 제정, 민관협의회 정례 운영 등을 통해 임대인과 임차인 간 불필요한 분쟁을 예방하는 것이 목적이다.
오세훈 서울시장이 1일 오전 서울 중구 서울시청에서 등록 민간임대주택 활성화 방안을 발표하고 있다. 서울시는 이날 민간임대주택의 공급 절벽을 해소하고자 건축 규제를 완화하고 금융 지원을 확대하는 등록 민간임대주택 활성화 방안을 발표했다.  임세준 기자
정부 혜택 축소로 신규 사업자 93%↓…착공물량도 급감
민간임대주택은 임대료 증액을 5% 이내로 제한하고 있으며, 보증보험 가입이 의무화돼 있다. 최소 6년에서 최대 10년에 이르는 임대기간 동안 갱신 거절도 불가해 임차인들이 안정적으로 거주할 수 있다는 장점이 있다.
현재 서울의 등록 민간임대주택은 총 41만6000가구로 전체 임차주택 시장의 20%를 차지한다. 유형별로는 다세대·다가구, 오피스텔, 도시형생활주택 등 비아파트가 80% 이상이다. 민간임대사업자는 9만8000명에 이른다.
이처럼 민간임대주택이 주택공급의 한 축을 담당하고 있지만 세제 혜택 축소, 단·장기 아파트 임대 폐지 등 정부의 잦은 정책 변경으로 급격히 위축됐다. 신규 민간 임대사업자수는 2018년 3만명에서 지난해 2000명으로 93% 감소했다. 뒤이어 2022년 ‘빌라왕 사건’까지 터지면서 비아파트 기피가 심화돼 신규 공급에 빨간불이 켜졌다. 비아파트 반기별 착공 물량은 2015년 3만6000가구에서 지난해 2000가구로 급감했다.",부동산대책
뉴데일리,오세훈 “서울 집값 너무 비싸…대출·세제 풀어 민간임대 공급해야”[...,,,,,,,부동산대책
연합뉴스,"국토부-국세청 업무협약…""불법부동산거래 신속 대응""",네이버뉴스,https://n.news.naver.com/mnews/article/001/0015661119?sid=101,,연합뉴스,"국토부-국세청 업무협약…""불법 부동산거래 신속 대응""","서울 집값 상승세 둔화…거래량도 급감 조짐
(서울=연합뉴스) 서대연 기자 = 정부의 대출규제 영향으로 서울 부동산 시장에서 거래 및 집값 상승폭이 일부 둔화한 것으로 나타난 6일 서울 송파구 롯데월드타워 전망대 서울스카이에서 바라본 서울 시내 아파트 및 빌라단지의 모습.
한국부동산원이 최근 발표한 '6월 다섯째주(6월 30일 기준) 서울 아파트 가격 동향'에 따르면 서울의 아파트 매매가격 상승률은 0.40%로 전주(0.43%↑) 대비 소폭 줄었다. 가격 상승세 둔화에 이어 거래량도 급감하는 조짐을 보인다. 국토교통부 실거래가 공개시스템에 따르면 6·27 대책 전 일주일(6월 20~26일) 서울 아파트 거래건수는 총 1천629건이었으나 이후 일주일(6월 27일~7월 3일)은 577건으로 3분의 1 수준이다. 2025.7.6 dwise@yna.co.kr
(세종=연합뉴스) 민경락 기자 = 국토교통부와 국세청이 부동산 거래 질서 확립을 위한 업무협약(MOU)을 체결했다고 1일 밝혔다.
이번 협약은 부동산 시장의 이상 거래를 차단하고 편법 증여·세금 탈루 등 불법 행위에 신속하게 대응하기 위한 것이다.
양 기관은 앞으로 정례협의회를 열어 기관별 조사·조치 결과를 공유하기로 했다.
불법행위 조사·단속의 정확성과 효율성을 높일 수 있는 협력 방안도 논의한다.
국토부는 부동산 거래 동향, 이상 징후 등 부동산 정책 수립에 필요한 정보를 국세청에 제공할 계획이다.
김윤덕 국토부 장관은 ""주택공급 대책이 차질 없이 추진되기 위해서는 건전하고 투명한 시장 질서 확립이 필수적""이라며 ""국세청과 함께 국민이 신뢰할 수 있는 부동산 시장 조성에 최선을 다할 것""이라고 말했다.
임광현 국세청장은 ""오늘 협약을 발판으로 탈세 차단과 시장 질서 회복이라는 실질적 성과를 내겠다""고 말했다.
rock@yna.co.kr",부동산대책
연합뉴스,부동산감독원 생기나…국토부-국세청 공조 착수,네이버뉴스,https://n.news.naver.com/mnews/article/001/0015661119?sid=101,,연합뉴스,"국토부-국세청 업무협약…""불법 부동산거래 신속 대응""","서울 집값 상승세 둔화…거래량도 급감 조짐
(서울=연합뉴스) 서대연 기자 = 정부의 대출규제 영향으로 서울 부동산 시장에서 거래 및 집값 상승폭이 일부 둔화한 것으로 나타난 6일 서울 송파구 롯데월드타워 전망대 서울스카이에서 바라본 서울 시내 아파트 및 빌라단지의 모습.
한국부동산원이 최근 발표한 '6월 다섯째주(6월 30일 기준) 서울 아파트 가격 동향'에 따르면 서울의 아파트 매매가격 상승률은 0.40%로 전주(0.43%↑) 대비 소폭 줄었다. 가격 상승세 둔화에 이어 거래량도 급감하는 조짐을 보인다. 국토교통부 실거래가 공개시스템에 따르면 6·27 대책 전 일주일(6월 20~26일) 서울 아파트 거래건수는 총 1천629건이었으나 이후 일주일(6월 27일~7월 3일)은 577건으로 3분의 1 수준이다. 2025.7.6 dwise@yna.co.kr
(세종=연합뉴스) 민경락 기자 = 국토교통부와 국세청이 부동산 거래 질서 확립을 위한 업무협약(MOU)을 체결했다고 1일 밝혔다.
이번 협약은 부동산 시장의 이상 거래를 차단하고 편법 증여·세금 탈루 등 불법 행위에 신속하게 대응하기 위한 것이다.
양 기관은 앞으로 정례협의회를 열어 기관별 조사·조치 결과를 공유하기로 했다.
불법행위 조사·단속의 정확성과 효율성을 높일 수 있는 협력 방안도 논의한다.
국토부는 부동산 거래 동향, 이상 징후 등 부동산 정책 수립에 필요한 정보를 국세청에 제공할 계획이다.
김윤덕 국토부 장관은 ""주택공급 대책이 차질 없이 추진되기 위해서는 건전하고 투명한 시장 질서 확립이 필수적""이라며 ""국세청과 함께 국민이 신뢰할 수 있는 부동산 시장 조성에 최선을 다할 것""이라고 말했다.
임광현 국세청장은 ""오늘 협약을 발판으로 탈세 차단과 시장 질서 회복이라는 실질적 성과를 내겠다""고 말했다.
rock@yna.co.kr",부동산대책
헤럴드경제,"국토부-국세청 업무협약…""불법부동산거래 신속 대응""",네이버뉴스,https://n.news.naver.com/mnews/article/016/0002537899?sid=101,,헤럴드경제,부동산감독원 생기나…국토부-국세청 공조 착수,"양 기관 정례협의회 개최…국토부 정보제공
국세청, 초고가주택 거래 세무조사 착수
김윤덕(왼쪽) 국토교통부 장관과 임광현 국세청장이 업무협약식에서 기념촬영을 찍고 있다.[국토부 제공]
[헤럴드경제=홍승희 기자] 국토교통부와 국세청이 부동산 시장에 대한 감독 기능을 강화하기 위해 본격 협업한다. 국토부는 국세청에 부동산 거래 동향 및 이상징후 등 정보를 제공하고, 국세청은 초고가주택 및 증여거래, 그리고 연소자·외국인에 대한 세무조사를 진행한다는 방침이다.
국토부는 1일 부처 간 협업을 통해 부동산 시장의 이상거래를 방지하고, 편법 증여와 세금탈루 등 불법행위에 신속하게 대응하기 위해 국세청과 업무협약(MOU)을 체결했다고 밝혔다.
이번 업무협약은 지난 7일 발표된 ‘9·7 주택공급 확대방안(9·7 대책)’의 후속조치로, 부처간 협업을 통해 부동산 시장의 감독 기능을 강화하기 위한 차원이다. 국토부는 9·7 대책을 통해 부동산 시장 감독 조직을 신설하겠다고 밝혔다.
이에 앞으로 국토부와 국세청은 정례협의회를 개최해 기관별 조사·조치 결과를 공유하고, 부동산 불법행위 조사·단속의 정확성과 효율성을 높일 수 있는 협력방안을 논의하게 된다.
국토부 관계자는 “양 기관의 긴밀한 협력을 바탕으로 불법행위에 대해 보다 신속하고 효과적인 대응이 가능할 것으로 기대된다”고 전했다.
서울 송파구 한 상가의 부동산 모습. [연합]
두 기관은 먼저 불법행위가 의심돼 상대기관으로부터 통보받은 사건에 대해 신속하게 조사 및 단속 등을 조치한다. 기관별 조치 결과를 정례협의회를 통해 공유하며, 조사의 정확도와 효율성을 제고하기 위해 필요한 사항에 대해서도 적극 협력한다. 국토부는 부동산 거래 동향, 이상징후 등의 정보를 국세청에 제공할 예정이다.
아울러 조사 및 단속 과정에서 확인되는 범정부 차원의 제도개선 필요사항에 적극 협력키로 했다.
김윤덕 국토교통부 장관은 “이번 협약을 통해 부동산 시장 질서 확립을 위한 국토부와 국세청 간 긴밀한 협력 체계를 구축하게 되었다”며 “주택공급 대책이 차질 없이 추진되기 위해서는 건전하고 투명한 시장질서 확립이 필수적인 만큼, 국세청과 함께 국민이 신뢰할 수 있는 부동산 시장 조성에 최선을 다하겠다”고 강조했다.
임광현 국세청장은 “주택시장 안정이라는 새 정부의 최우선 목표를 위해 양 기관의 협력이 중요하고 절실하다”며 “오늘 협약을 발판으로 탈세차단과 시장질서 회복이라는 실질적 성과를 내겠다”고 강조했다.
아울러 “부동산 탈세에 신속하고 강력한 조치를 이어나가 초고가주택 거래, 연소자･외국인 등 총 104명에 대한 세무조사를 착수하겠다”며 “앞으로 시세조작 중개업소와 고가아파트 증여거래도 검증하겠다”고 밝혔다.",부동산대책
SBS,"국토부·국세청,부동산이상거래·불법행위 대응에 맞손",네이버뉴스,https://n.news.naver.com/mnews/article/055/0001297157?sid=102,,SBS,"국토부-국세청 업무협약…""불법 부동산 거래 신속 대응""","▲ 서울 송파구 롯데월드타워 전망대 서울스카이에서 바라본 서울 시내 아파트 및 빌라단지의 모습.
국토교통부와 국세청이 부동산 거래 질서 확립을 위한 업무협약(MOU)을 체결했다고 오늘(1일) 밝혔습니다.
이번 협약은 부동산 시장의 이상 거래를 차단하고 편법 증여·세금 탈루 등 불법 행위에 신속하게 대응하기 위한 것입니다.
양 기관은 앞으로 정례협의회를 열어 기관별 조사·조치 결과를 공유하기로 했습니다.
불법행위 조사·단속의 정확성과 효율성을 높일 수 있는 협력 방안도 논의합니다.
국토부는 부동산 거래 동향, 이상 징후 등 부동산 정책 수립에 필요한 정보를 국세청에 제공할 계획입니다.
김윤덕 국토부 장관은 ""주택공급 대책이 차질 없이 추진되기 위해서는 건전하고 투명한 시장 질서 확립이 필수적""이라며 ""국세청과 함께 국민이 신뢰할 수 있는 부동산 시장 조성에 최선을 다할 것""이라고 말했습니다.
임광현 국세청장은 ""오늘 협약을 발판으로 탈세 차단과 시장 질서 회복이라는 실질적 성과를 내겠다""고 말했습니다.
(사진=연합뉴스)",부동산대책
뉴스1,"국토부·국세청,부동산불법 거래 차단 위해 업무협약 체결",네이버뉴스,https://n.news.naver.com/mnews/article/421/0008520845?sid=101,,뉴스1,"국토부·국세청, 부동산 이상거래·불법행위 대응에 맞손","양기관 조사 협조, 정보 공유 등 추진
서울 송파구 롯데월드타워에서 바라본 한강변 아파트 단지. /뉴스1 ⓒ News1 김진환 기자
(서울=뉴스1) 신현우 기자 = 국토교통부는 국세청과 부동산 시장 이상거래를 방지하고, 불법행위에 신속 대응하기 위해 1일 업무협약(MOU)을 체결했다고 밝혔다.
이번 업무협약은 지난달 7일 발표한 주택공급 확대방안 후속조치 중 하나로, 부처 간 협업을 통해 부동산 시장 감독 기능을 강화하기 위해 실시하는 것이다.
업무협약에는 △불법행위 의심돼 상대기관으로부터 통보받은 사건 신속하게 조사·단속 등 조치 △기관별 조치 결과 정례협의회 통해 공유, 조사 정확도·효율성 제고위해 필요한 사항 적극 협력 △국토부는 부동산 시장질서 확립 관련 정책 수립에 필요한 정보 국세청에 제공 등이 담겼다.
양 기관의 긴밀한 협력을 바탕으로 불법행위에 대해 보다 신속하고 효과적인 대응이 가능할 것으로 국토부는 기대했다.
김윤덕 국토부 장관은 ""주택공급 대책이 차질 없이 추진되기 위해서는 건전하고 투명한 시장질서 확립이 필수적인 만큼, 국세청과 함께 국민이 신뢰할 수 있는 부동산 시장 조성에 최선을 다하겠다""고 강조했다.
한편, 임광현 국세청장은 ""주택시장 안정이라는 새 정부 최우선 목표를 위해 양 기관의 협력이 중요하고 절실하다""며 ""이번 협약을 발판으로 탈세 차단과 시장질서 회복이라는 실질적 성과를 내겠다""고 말했다",부동산대책
헤럴드경제,오세훈 ‘공급대책’ 발표하며 금융위· 국토부·허그 콕 집은 이유는 ...,네이버뉴스,https://n.news.naver.com/mnews/article/016/0002537880?sid=101,,헤럴드경제,오세훈 ‘공급대책’ 발표하며 금융위· 국토부·허그 콕 집은 이유는 [부동산360],"“LTV 0% 제한·보증보험 가입기준 완화해야”
“비아파트 합산배제 공시가·장기보유 특별공제 필요”
“조만간 국토부 장관 만날 것…서울시 시각 바람직”
오세훈 서울시장이 1일 오전 서울 중구 서울시청에서 등록 민간임대주택 활성화 방안을 발표하고 있다. 서울시는 이날 민간임대주택의 공급 절벽을 해소하고자 건축 규제를 완화하고 금융 지원을 확대하는 등록 민간임대주택 활성화 방안을 발표했다. 임세준 기자
[헤럴드경제=서정은·박로명 기자] 오세훈 서울시장이 1일 민간임대주택 활성화를 위해 대출제한 완화, 세법 개정, 보증보험 가입 기준 손질 등을 정부와 국회에 공식적으로 요청했다. 서울시가 각종 건축 여건을 개선하고, 신속인허가 추진에 나서더라도 권한을 쥐고 있는 정부의 전향적 태도가 없다면 공급 실효성이 떨어진다는 설명이다.
오 시장은 이날 오전 서울시청에서 ‘서울시 등록 민간 임대주택 활성화 방안’을 발표하며 “민간임대주택을 활성화하기 위해 정부가 도와줘야할 것이 많다”며 “구체적으로 금융위원회, 주택도시보증공사(HUG), 국토교통부를 통해 국회에 어떤 것을 요청할 지 목록을 마련했다”고 밝혔다.
오 시장이 정부에 건의한 사항은 ▷주택임대사업자 대출제한 완화 ▷인정감평기관확대 등 보증보험 가입기준 완화 ▷비아파트 합산배제 공시가액 기준상향 ▷6년 임대사업자도 장기보유 특별공제부여 ▷주거지역 일조권 완화 ▷도시형 생활주택 층수 등이다.
서울시는 금융위원회가 내규 개정을 통해 주택임대사업자에 대한 담보인정비율(LTV)을 완화해줘야한다고 강조했다. 앞서 정부는 9·7 부동산 공급대책에서 주택임대사업자 대출 LTV를 0%로 제한해 사실상 추가 대출을 차단했다.
주택도시보증공사(HUG)에도 내규를 손질해 ‘인정 감정평가제도’의 감평기관을 늘려달라고 주장했다. HUG는 인정 감정평가제도를 손질하면서 지정된 5개 평가기관만 이용하도록 했다. 집주인이 감정평가를 직접 받아와 ‘감정액 부풀리기’ 하는 것을 방지하겠다는 취지였으나 지정기관이 8분의 1로 급감하며 문제가 생겼다. 임대인들은 감정액이 낮아져 보증보험 가입이 어려워졌다고 호소하는 중이다.
최진석 서울시 주택실장도 “HUG에 건의한 사항은 이미 몇 차례 전달한 내용”이라며 “보증보험 가입기준이 강화돼 기존에 살던 사람들조차 길거리에 나앉게되니 이를 완화해달라는 것”이라고 부연했다.
현행 4억원인 비아파트 합산배제 공시가액 기준을 올리는 종부세법 개정과 6년 임대사업자 장기보유 특별공제 도입하는 소득세법 개정도 이뤄져야한다고 했다. 국토부에 요구한 시행령 개정 사안으로는 주거지역 일조권 완화, 도시형 생활주택 층수를 2층으로 완화하는 내용이 담겼다.
최 실장은 “(용적률 추가확보를 위한) 일조사선 문제와 도시형 생활주택 층수 완화는 국토부와 협의해야한다”고 말했다. 오 시장은 “조만간 국토교통부 장관을 만나뵙고 말씀을 드릴 것”이라고 전했다.
이날 오 시장은 민간임대 공급은 정부의 전향적 태도에 달렸다고 강조하며, 정부와의 시각차이도 선명하게 드러냈다. 오 시장은 “정부가 임대사업자를 바라보는 시각을 봤을 때, 저는 서울시가 바람직하다고 본다”며 “공급이 많이 되길 바라면서 공급하는 사업자를 죄악시해서는 안된다”고 강조했다.
그러면서 “그들이 얻어가는 이익을 죄악시하면 그 자금으로 다른데 투자가 될 것”이라며 “사업자들에 대해 필요한게 뭔지, 규제를 해결해주겠다고 해야 신바람이 나서 사업에 들어올 것이고 이 문제가 해결되지 않고서는 주택 가격 안정은 없다”고 덧붙였다.",부동산대책
헤럴드경제,"오세훈 “민간 주도로 공급 병목 푼다”…서울시, 규제 완화·리츠 지원...",네이버뉴스,https://n.news.naver.com/mnews/article/016/0002537880?sid=101,,헤럴드경제,오세훈 ‘공급대책’ 발표하며 금융위· 국토부·허그 콕 집은 이유는 [부동산360],"“LTV 0% 제한·보증보험 가입기준 완화해야”
“비아파트 합산배제 공시가·장기보유 특별공제 필요”
“조만간 국토부 장관 만날 것…서울시 시각 바람직”
오세훈 서울시장이 1일 오전 서울 중구 서울시청에서 등록 민간임대주택 활성화 방안을 발표하고 있다. 서울시는 이날 민간임대주택의 공급 절벽을 해소하고자 건축 규제를 완화하고 금융 지원을 확대하는 등록 민간임대주택 활성화 방안을 발표했다. 임세준 기자
[헤럴드경제=서정은·박로명 기자] 오세훈 서울시장이 1일 민간임대주택 활성화를 위해 대출제한 완화, 세법 개정, 보증보험 가입 기준 손질 등을 정부와 국회에 공식적으로 요청했다. 서울시가 각종 건축 여건을 개선하고, 신속인허가 추진에 나서더라도 권한을 쥐고 있는 정부의 전향적 태도가 없다면 공급 실효성이 떨어진다는 설명이다.
오 시장은 이날 오전 서울시청에서 ‘서울시 등록 민간 임대주택 활성화 방안’을 발표하며 “민간임대주택을 활성화하기 위해 정부가 도와줘야할 것이 많다”며 “구체적으로 금융위원회, 주택도시보증공사(HUG), 국토교통부를 통해 국회에 어떤 것을 요청할 지 목록을 마련했다”고 밝혔다.
오 시장이 정부에 건의한 사항은 ▷주택임대사업자 대출제한 완화 ▷인정감평기관확대 등 보증보험 가입기준 완화 ▷비아파트 합산배제 공시가액 기준상향 ▷6년 임대사업자도 장기보유 특별공제부여 ▷주거지역 일조권 완화 ▷도시형 생활주택 층수 등이다.
서울시는 금융위원회가 내규 개정을 통해 주택임대사업자에 대한 담보인정비율(LTV)을 완화해줘야한다고 강조했다. 앞서 정부는 9·7 부동산 공급대책에서 주택임대사업자 대출 LTV를 0%로 제한해 사실상 추가 대출을 차단했다.
주택도시보증공사(HUG)에도 내규를 손질해 ‘인정 감정평가제도’의 감평기관을 늘려달라고 주장했다. HUG는 인정 감정평가제도를 손질하면서 지정된 5개 평가기관만 이용하도록 했다. 집주인이 감정평가를 직접 받아와 ‘감정액 부풀리기’ 하는 것을 방지하겠다는 취지였으나 지정기관이 8분의 1로 급감하며 문제가 생겼다. 임대인들은 감정액이 낮아져 보증보험 가입이 어려워졌다고 호소하는 중이다.
최진석 서울시 주택실장도 “HUG에 건의한 사항은 이미 몇 차례 전달한 내용”이라며 “보증보험 가입기준이 강화돼 기존에 살던 사람들조차 길거리에 나앉게되니 이를 완화해달라는 것”이라고 부연했다.
현행 4억원인 비아파트 합산배제 공시가액 기준을 올리는 종부세법 개정과 6년 임대사업자 장기보유 특별공제 도입하는 소득세법 개정도 이뤄져야한다고 했다. 국토부에 요구한 시행령 개정 사안으로는 주거지역 일조권 완화, 도시형 생활주택 층수를 2층으로 완화하는 내용이 담겼다.
최 실장은 “(용적률 추가확보를 위한) 일조사선 문제와 도시형 생활주택 층수 완화는 국토부와 협의해야한다”고 말했다. 오 시장은 “조만간 국토교통부 장관을 만나뵙고 말씀을 드릴 것”이라고 전했다.
이날 오 시장은 민간임대 공급은 정부의 전향적 태도에 달렸다고 강조하며, 정부와의 시각차이도 선명하게 드러냈다. 오 시장은 “정부가 임대사업자를 바라보는 시각을 봤을 때, 저는 서울시가 바람직하다고 본다”며 “공급이 많이 되길 바라면서 공급하는 사업자를 죄악시해서는 안된다”고 강조했다.
그러면서 “그들이 얻어가는 이익을 죄악시하면 그 자금으로 다른데 투자가 될 것”이라며 “사업자들에 대해 필요한게 뭔지, 규제를 해결해주겠다고 해야 신바람이 나서 사업에 들어올 것이고 이 문제가 해결되지 않고서는 주택 가격 안정은 없다”고 덧붙였다.",부동산대책
한국경제,"""전·월세 시장의 불안,부동산의 새 변곡점 알리는 신호탄"" [집코노미 ...",네이버뉴스,https://n.news.naver.com/mnews/article/015/0005192824?sid=101,,한국경제,"""전·월세 시장의 불안, 부동산의 새 변곡점 알리는 신호탄"" [집코노미 박람회 2025]","1일까지 서울 삼성동 코엑스 B홀에서 개최
‘부룡’ 알려진 신현강 부와지식의배움터 대표
“주택·전세 공급 부족…거래 시장 정상화 나설 것”
1일 서울 삼상동 코엑스에서 열린 '집코노미 박람회 2025' 둘째날 행사에서 신현강 부룡 작가가 '전세시장의 불안, 새로운 변화의 출발점' 주제로 강연하고 있다. 사진=문경덕 기자
“최근 전세의 월세화, 임대료 상승 등 전·월세 시장이 요동치고 있습니다. 그런데 이런 현상은 25년 전에도, 13년 전에도 있었습니다.”
1일 서울 강남구 삼성동 코엑스 B홀에서 열린 ‘집코노미 박람회 2025’의 부대행사인 ‘집코노미 콘서트’에 연사로 나선 신현강 부와지식의배움터 대표는 “임대 시장이 불안해질 때마다 정부는 서민 주거 안정을 위해 매매시장 정상화 카드를 꺼냈다”며 이같이 말했다. 금융업계에서 일하며 실전 감각을 쌓아온 신 대표는 <부동산 상승 신호 하락 신호>의 저자로 알려져 있다.
전·월세 시장의 불안은 부동산 시장의 새로운 변곡점을 알리는 신호탄이란 게 신 대표의 주장이다. 그는 “금융위기 직후인 2000년과 2012년에도 월세화 현상이 나타났었다”며 “월세 전환으로 전세 매물이 줄어들고, 결국 전셋값도 오를 수밖에 없었다”고 설명했다. 이어 “전셋값이 오르자 당시 정부는 전세 대출, 임대 활성화 등을 통해 시장을 안정시키려 했고, 갭투자(전세 끼고 매매) 수요가 크게 늘었다”고 덧붙였다.
1일 서울 삼상동 코엑스에서 열린 '집코노미 박람회 2025' 둘째날 행사에서 신현강 부룡 작가가 '전세시장의 불안, 새로운 변화의 출발점' 주제로 강연하고 있다. 사진=문경덕 기자
신 대표는 시간이 지날수록 전셋값은 더 오를 수밖에 없다고 전망했다. 그는 “월세가 계속 오르며 전세 대출의 월 이자액을 넘어서는 순간 전세 수요가 다시 증가하게 될 것”이라며 “계약갱신권 청구와 맞물려 공급 부족 및 가격 상승 현상이 나타나게 된다”고 말했다.
주택 공급까지 시간이 오래 걸린다는 점도 임대 시장의 불안을 부추기는 원인이다. 신 대표는 “2018년 발표된 3기 신도시는 당초 2025년 입주를 목표로 추진됐지만, 사업 속도가 가장 빠른 계양 신도시조차 내년 말 입주”라며 “9·7 부동산 대책의 공급 효과가 계획대로 2030년 내 이뤄질 수 있을지도 미지수”라고 말했다.
결국 정부는 서민 주거 안정을 위해 매매시장 정상화 방안을 발표할 수밖에 없다는 게 신 대표의 생각이다. 그는 “과거 정부는 비아파트 시장 정상화, 임대 사업자 및 기업 임대 활성화를 거쳐 취득세 및 양도세를 인하했다”며 “수요 억제책이 더 이상 효과를 내지 못할 때 ‘주거 안정’을 명목으로 거래 정상화 카드를 꺼낼 것”이라고 전망했다.
올해로 11회째를 맞는 집코노미 박람회는 국내 최대의 종합 부동산 박람회로 부동산 정책 방향, 유망 분양 프로젝트, 하반기 부동산 투자 전략 등을 한눈에 파악할 수 있다. 이번 박람회의 주제는 ‘변곡점 맞은 부동산 시장, 확실한 재테크 전략은’이다.",부동산대책
프레시안,"민주당, 서울부동산상승 조짐에…""공급 앞당긴다""",네이버뉴스,https://n.news.naver.com/mnews/article/002/0002408776?sid=100,,프레시안,"민주당, 서울 부동산 상승 조짐에…""공급 앞당긴다""","한정애 ""인허가 기간 줄일 것""…김윤덕 '보유세 늘려야' 발언엔 ""개인 의견""
서울 송파·성동 등 일부 지역 아파트값이 지난 9개월간 두 자릿수 상승(9.28 한국부동산원)한 데 이어, 한강 이남 11개구 평균 아파트값이 사상 처음 18억 원을 넘어서는(같은날 KB부동산) 등 부동산 가격이 심상치 않은 조짐을 보이고 있는 가운데, 여당인 더불어민주당이 주택공급을 더 앞당기겠다는 입장을 밝혔다.
한정애 민주당 정책위의장은 1일 문화방송(MBC) 라디오 <김종배의 시선집중> 인터뷰에서 주택시장 현황에 대해 ""6.27 금융대책이 있기 전의 분위기로 조금 돌아가고 있다는 것은 저희가 파악하고 있다""며 ""서울의 주택은 심리적 상황이 굉장히 강한데 '어딘가 조금 더 강한 대책이 나올 것 같다'는, (즉) '남아있는 대책이 엄청 세게 나올 수도 있을 것 같은데 그전에 그냥 할까' 하는 심리적 부분도 있는 것 같다""고 진단했다.
한 의장은 ""상황을 지켜보고 있고, 당정 간에 고민이 없는 것은 아닌데 다만 대책이라고 하는 것이 적확하게 들어가는 것은 필요하다""며 ""공급을 좀 당길 수 있는 방식""을 언급했다. 그는 ""전 정부에서 워낙 인허가 또는 착공이 늦어지거나 착공률이 낮아서 실제 2025~27년까지 시장으로 공급되는 주택의 수가 적다""며 ""가능하면 2027년 하반기~2028년부터는 시장이 생각하는 것보다 더 많은 숫자가 공급될 수 있게끔 하는 대책들을 마련해 놓고 있다""고 강조했다.
한 의장은 ""가능하면 인허가와 관련한 기간을 줄여주는 게 필요하다고 보고, 9.7 대책에서도 가능한 '지금보다는 2년 정도 더 줄일 수 있도록 노력해보자'고 해서 그 대책 관련 부분들을 제도화하기 위한 법안이 하나둘씩 만들어지고 있는 상황""이라며 ""그 대책과 관련한 것들이 법안으로 만들어지면 정기국회에서 다른 것보다 우선해서 먼저 처리하자는 당정 간 약속도 해놓은 상태""라고 전했다.
그는 ""추가 공급대책이라기보다는 가능한 그것을 당기기 위한…(방안)""이라고 부연했다. 그러면서 ""조금만 기다려 보시면 좋을 것"", ""그렇게 불안해하지 않으셔도 된다""고 했다.
한 의장은 김윤덕 국토교통부 장관이 개인 의견을 전제로 '보유세 강화'를 언급한 데 대해서는 ""그건 개인 얘기일 수 있다. 개인적으로 낸 의견일 수 있다""며 ""당연히 시장에서는 정부가 할 수 있는 마지막 대책 중에 세제 관련한 대책이 있을 수 있고, 그 카드를 안 만지작거리는 것은 아니고 그 카드도 열려 있는 카드이긴 하지만 그것이 불러오는 또 다른 효과가 있기 때문에 굉장히 세밀하게 따져보고 있다""고 했다.
김 장관은 지난달 29일 세종시 기자간담회에서 ""국토장관이 (기획재정부 장관 소관인) 세제 문제에 대해 거론하는 것은 맞지 않는다""면서도 ""장관 입장이 아닌 '인간 김윤덕' 입장으로 보유세를 늘려야 한다고 생각한다""며 ""필요하다면 해야 한다""고 했다.
한 의장은 ""당정 간 다양한 부분에 대해서 검토하고 있다""며 ""시장은 안정화를 시키는 것이 중요하고, 그것도 가능하면 하향 안정화되는 것이 가장 좋은 방식이다. 오르고 있는 것들을 제자리걸음을 시키고 하향 안정화를 시키기 위한 노력에 방점을 두고 여러 가지 판단들을 하고 있다""고 강조했다.
▲더불어민주당 한정애 정책위의장이 1일 국회에서 열린 정책조정회의에서 발언하고 있다. ⓒ연합뉴스",부동산대책
뉴스1,부동산규제에 '얼어붙은 주담대' 1.3조 증가 그쳐…11개월 내 최저치,네이버뉴스,https://n.news.naver.com/mnews/article/421/0008521573?sid=101,,뉴스1,부동산 규제에 '얼어붙은 주담대' 1.3조 증가 그쳐…11개월 내 최저치,"가계대출 잔액 1.2조 증가…8개월 만에 최저치
초강력 규제에도 서울 집값 상승세…추가 규제 검토
서울 송파구 롯데월드타워에서 바라본 한강변 아파트 단지. 2025.9.29/뉴스1 ⓒ News1 김진환 기자
(서울=뉴스1) 김도엽 기자 = 6.27 부동산 대출 규제, 9.7 대책 여파로 주요 시중은행의 주택담보대출(주담대) 증가 속도가, 최근 11개월 내 가장 낮은 수준으로 둔화된 것으로 나타났다.
다만 서울 한강벨트를 중심으로 매매가격 상승 폭이 확대되는 등 잔액 확대 불씨는 여전해, 금융당국은 필요할 경우 준비된 대책을 언제든지 꺼낼 수 있다는 입장이다.
1일 금융권에 따르면 5대 은행(KB국민·신한·하나·우리·NH농협)의 지난달 말 기준 가계대출 잔액은 764조 949억 원으로, 지난달 말(762조 8985억 원) 대비 1조 1964억 원 늘었다.
6.27 부동산 대출 규제, 9.7 추가 대책 등의 영향이 있기 전인 5월(4조 9964억 원), 6월(6조 7536억 원), 7월(4조 1386억 원) 등과 비교하면 증가 폭이 크게 둔화한 것이다.
7월 시행한 3단계 스트레스 총부채원리금상환비율(DSR)과 함께 초강력 규제 이전 신청 물량이 소화되며 잔액 폭이 크게 감소한 영향이다. 증가 폭 기준으로 보면 역성장한 지난 1월(-4762억 원) 이후 8개월 만에 가장 낮은 수준이다.
그간 가계대출 증가세를 이끌었던 주담대 증가 폭은 9월 들어 크게 꺾였다. 지난달 말 기준 주담대 잔액은 608조 9848억 원으로 8월 대비 1조 3135억 원 늘었다.
6월 이후 3개월 연속 둔화했으며, 지난해 10월(1조 3923억 원) 이후 11개월 만에 가장 낮은 증가 폭을 기록했다.
신용대출 잔액은 역성장했다. 지난달 말 신용대출 잔액은 103조 8079억 원으로, 전달 대비 2711억 원 감소했다.
가계대출 증가 폭이 크게 둔화했으나, 서울 지역을 중심으로 집값 상승세는 여전하다. 한국부동산원에 따르면, 9월 4주(지난달 22일 기준) 서울 아파트 매매가격은 0.19% 상승해 전주(0.12%) 대비 오름폭이 확대됐다. 3주 연속 상승 폭이 확대됐다.
특히 성동구(0.59%), 마포구(0.43%), 광진구(0.35%), 송파구(0.35%), 강동구(0.31%) 등 한강 인접, 교통 및 생활 인프라가 우수한 지역의 상승세가 두드러졌다.
두 차례 대출 규제에도 집값 상승세가 멈추지 않자, 정부는 추가 대책을 검토 중이다. 주택담보대출인정비율(LTV) 규제 지역을 성동·마포구 등으로 확대하거나, 수도권·규제 지역 내 주담대 6억 원 제한을 더 강화하는 방안 등이 거론된다.
가계대출 관련 추가 규제 가능성에 대해 이억원 금융위원장은 ""가계부채 안정화 방안은 계속 관심 갖고 있다""며 ""부동산 시장과 가계부채 추이를 보고, 필요할 경우 언제든지 대응방안 마련하고 준비 중이고 모니터링하고 있다""고 말했다.",부동산대책
아시아경제,오세훈표 주택공급책…인허가 절차가 아니라 공사비가 복병[부동산AtoZ],네이버뉴스,https://n.news.naver.com/mnews/article/277/0005660633?sid=101,,아시아경제,오세훈표 주택공급책…인허가 절차가 아니라 공사비가 복병[부동산AtoZ],"[Why&NEXT]
공사비 분쟁에 진통
공사비 검증 제도 마련됐지만
강제력 없어 참고 수준 한계
조례로 실효성 증대 방안 높여야
오세훈 서울시장이 '신통기획 2.0'을 통해 주택 공급 속도를 높이겠다고 나섰는데 시장의 반응은 영 신통치 않다. 각종 인허가 절차를 줄여 사업 기간을 1년 단축하겠다는 구상이나, 현실성이 떨어진다는 지적이 나온다. 각 조합에서는 치솟는 공사비로 인한 분쟁이 벌어지고 있어, 인허가 절차 간소화만으로 공급 속도를 끌어올리기는 어렵다는 것이다. 조합원의 비용 부담을 낮출 수 있는 해법 마련이 신통기획 2.0 성공의 열쇠가 될 것으로 보인다.
오 시장이 지난달 29일 직접 발표한 민간 주도 주택공급 대책인 신통기획 2.0의 핵심은 인허가 절차와 규제 완화로 축약할 수 있다. 기존 18년 6개월 걸리던 사업을 12년 내로 단축하는 것을 골자로 한다. 신통기획 1.0이 정비사업 전반부(구역 지정~조합 설립)를 2년으로 줄이는 데 초점을 맞췄다면, 2.0은 사업 후반부에서 1년을 더 줄이는 데 방점을 찍었다.
오세훈 서울시장이 22일 국회의원회관에서 열린 ‘내일이 더 기대되는 서울- 신속통합기획, 무엇을 바꾸었는가’ 토론회에 참석해 축사하고 있다. 서울시 제공
오 시장의 발표를 두고 관련 업계에서는 부정적인 반응이 나왔다. 각 정비사업의 현실을 고려하면 행정 절차를 줄이는 것만으로 공급 속도를 끌어올리는 것은 어렵다는 지적이다.
최근 조합과 시공사 간 공사비 분쟁으로 사업이 멈추거나, 입주 지연 우려가 커진 사업장이 즐비하다. 오는 12월 입주 예정인 잠실래미안아이파크 조합이 공사비 증액분(589억원)에 대한 타당성 검증에 나서면서 입주자예비협의회의 반발을 사고 있다. 협의회는 전체 공사비에 대한 검증이 필요하다고 판단하고 있다. 양측의 갈등이 깊어지는 사이, 시공사는 조합에 ""내년 2월 사업비 차입 만기일 전까지 공사계약 변경 체결이 마무리되지 않으면 준공 문제로 이어질 수 있다""는 공문을 보냈다. 이 단지는 이미 공사비가 세차례 인상된 바 있다. 지난 6월 입주를 시작한 서초구 메이플자이도 입주 4개월 전 조합과 시공사(GS건설) 간 소송에 휘말리며 진통을 겪었다.
공사비 갈등을 막기 위해 한국부동산원과 SH의 공사비 검증 제도를 활용할 수 있으나, 갈등 해결에는 역부족이다. 검증 결과가 법적 구속력이 없는 권고 수준에 그친다. 공사비가 과도하다는 판단이 나오더라도 시공사가 증액을 고집하면 조합은 따를 수밖에 없다. 특히 착공 이후에는 공사 중단 시 금융 부담이 크다. 조합이 울며 겨자 먹기로 시공사 요구를 수용하는 경우가 많다. 정비업계 관계자는 ""현행 도시정비법상 공사비 검증 결과를 공사 변경 계약에 반드시 반영해야 한다는 규정이 없어 사실상 참고 수준에 불과하다""며 실효성에 의문을 제기했다.
시가 분쟁 해소 차원에서 정비사업 코디네이터 제도를 시행 중이지만 이 또한 강제력이 없다. 이 제도는 사업이 지체되거나 갈등을 겪는 현장에 전문가와 변호사로 구성된 집단을 파견하는 제도다. 파견된 코디네이터는 법률 상담과 사업 모니터링을 통해 조합과 시공사 간 갈등 중재를 끌어낸다. 이 제도를 통해 은평 대조1구역과 노량진6구역 등에서 합의를 끌어내기도 했다. 그러나 중재안은 강제력이 없어 시공사가 거부할 수 있다.
전문가는 시 조례를 개정해 공사비 검증 제도의 실효성을 높이는 대안을 마련할 수 있다고 제언했다. 김예림 법무법인 심목 변호사는 ""공사비는 사적 자치 영역이라 강제하기 어렵다""면서도 ""조례를 통해 검증 결과에서 일정 비율 이상 증액을 제한하는 등의 장치를 마련할 수 있다""고 말했다. 이어 ""다만 검증 과정에서 조합과 시공사가 동등하게 의견을 제출할 수 있도록 심리 과정 등 절차적 장치가 병행돼야 한다""고 덧붙였다.",부동산대책
